001.meme.jpg 22 16 14 21 17 8 23 17 16 39 16 17
002.meme.jpg 14 16 23 24 15 11 32 16 16 33 17 16
003.meme.jpg 14 17 8 24 17 16 24 17 14 33 15 17
004.meme.jpg 20 15 14 23 15 14 35 18 13 25 15 18
005.meme.jpg 11 16 15 19 15 10 32 16 16 33 17 16
006.meme.jpg 22 16 14 21 17 8 23 17 16 39 16 17
007.meme.jpg 22 20 24 24 16 15 29 15 15 35 16 17
008.meme.jpg 23 21 23 26 16 13 28 14 15 36 17 17
009.meme.jpg 48 16 18 12 16 12 7 19 17 14 15 18
010.meme.jpg 11 16 17 18 17 17 25 17 15 32 15 17
011.meme.jpg 17 16 9 18 16 5 14 16 18 32 16 14
012.meme.jpg 20 19 17 15 16 4 22 16 14 42 16 19
013.meme.jpg 17 22 17 14 16 8 48 16 17 24 12 13
014.meme.jpg 23 17 25 23 17 17 28 13 15 35 17 17
015.meme.jpg 9 21 15 24 16 10 27 16 14 39 17 19
016.meme.jpg 14 20 11 16 16 8 30 16 16 33 15 16
017.meme.jpg 27 12 18 10 17 3 36 16 15 28 16 17
018.meme.jpg 22 12 14 22 16 17 16 16 16 49 14 18
019.meme.jpg 21 8 21 21 12 11 13 21 10 50 13 20
020.meme.jpg 23 25 21 15 18 6 49 19 19 15 8 12
021.meme.jpg 13 21 19 23 18 7 28 17 14 38 13 18
022.meme.jpg 24 16 19 17 18 15 29 17 17 31 15 14
023.meme.jpg 25 12 16 22 13 21 20 13 17 45 22 15
024.meme.jpg 25 23 12 15 10 11 29 14 16 33 19 16
025.meme.jpg 32 15 24 17 17 21 26 16 20 36 16 15
026.meme.jpg 20 15 16 22 15 15 35 17 13 25 15 18
027.meme.jpg 17 7 17 24 7 20 31 16 16 34 15 14
028.meme.jpg 24 16 19 21 12 10 13 16 12 50 17 19
029.meme.jpg 18 25 24 17 20 10 17 13 14 44 15 17
030.meme.jpg 22 18 20 18 19 8 26 14 13 40 16 16
031.meme.jpg 42 17 16 18 16 22 11 14 19 20 17 7
032.meme.jpg 30 17 12 21 17 17 25 15 16 39 17 16
033.meme.jpg 21 17 25 20 17 16 28 14 15 35 17 17
034.meme.jpg 36 15 16 17 18 7 31 15 14 31 15 17
035.meme.jpg 12 14 12 21 16 12 19 17 13 46 15 19
036.meme.jpg 25 17 12 18 17 21 28 15 11 17 17 17
037.meme.jpg 28 29 20 19 16 16 27 15 13 35 17 18
038.meme.jpg 43 15 21 13 17 19 12 16 16 46 17 15
039.meme.jpg 11 14 18 19 14 13 20 17 8 42 16 24
040.meme.jpg 14 20 15 21 14 8 25 14 18 39 17 13
041.meme.jpg 12 18 13 16 19 6 29 14 15 32 17 16
042.meme.jpg 15 17 19 19 16 9 35 17 14 30 15 18
043.meme.jpg 15 11 23 17 17 11 24 16 13 41 16 18
044.meme.jpg 50 16 22 24 18 22 21 16 14 44 18 12
045.meme.jpg 27 26 20 21 15 17 23 14 15 41 15 14
046.meme.jpg 9 15 21 16 14 16 31 14 17 33 18 15
047.meme.jpg 29 7 17 24 20 15 20 15 10 40 17 22
048.meme.jpg 21 18 25 15 18 10 25 12 12 42 16 14
049.meme.jpg 9 14 16 25 18 12 26 16 16 36 16 17
050.meme.jpg 16 17 12 25 11 14 25 17 16 38 16 16
051.meme.jpg 16 17 12 25 11 14 25 17 16 38 16 16
052.meme.jpg 14 23 15 23 18 17 26 15 18 34 16 15
053.meme.jpg 13 6 26 23 20 10 25 20 17 34 13 16
054.meme.jpg 21 17 23 17 20 9 27 13 12 41 16 16
055.meme.jpg 27 27 18 20 16 18 23 15 14 41 13 16
056.meme.jpg 25 7 20 15 11 18 31 15 15 31 17 16
057.meme.jpg 41 7 20 21 15 21 21 13 17 38 19 15
058.meme.jpg 25 13 26 20 19 16 28 18 20 36 13 14
059.meme.jpg 9 16 15 22 16 6 32 16 16 31 17 16
060.meme.jpg 32 11 16 21 18 8 30 19 15 46 12 8
061.meme.jpg 39 25 28 25 17 21 29 16 15 38 16 14
062.meme.jpg 20 18 20 24 16 9 34 12 17 32 20 15
063.meme.jpg 17 15 25 19 16 20 35 16 18 42 18 18
064.meme.jpg 17 10 28 25 13 9 29 16 15 39 14 18
065.meme.jpg 22 15 17 21 20 20 27 15 16 38 18 14
066.meme.jpg 11 15 14 19 19 9 23 13 13 45 19 20
067.meme.jpg 21 14 18 16 19 7 26 17 13 39 16 12
068.meme.jpg 14 10 18 26 16 9 33 23 14 42 7 15
069.meme.jpg 14 17 22 21 19 9 29 15 13 40 16 16
070.meme.jpg 15 16 18 26 17 17 25 17 15 32 15 17
071.meme.jpg 23 11 22 24 11 14 13 19 12 51 15 19
072.meme.jpg 48 10 21 15 16 17 31 13 17 29 18 17
073.meme.jpg 22 10 16 16 11 15 34 11 24 22 8 17
074.meme.jpg 25 17 15 22 16 14 21 16 15 32 17 16
075.meme.jpg 7 15 13 19 16 6 29 16 16 32 16 17
076.meme.jpg 39 11 19 13 17 16 28 15 15 33 17 16
077.meme.jpg 13 19 19 24 15 9 17 16 16 49 13 16
078.meme.jpg 8 15 18 22 16 9 32 16 17 31 16 15
079.meme.jpg 14 16 14 19 13 14 28 17 17 32 16 15
080.meme.jpg 18 14 12 13 14 8 31 16 15 35 16 17
081.meme.jpg 21 18 17 22 17 9 30 16 13 37 15 18
082.meme.jpg 29 13 25 18 18 10 30 18 16 34 14 16
083.meme.jpg 11 17 10 19 15 7 41 15 15 43 15 15
084.meme.jpg 8 19 16 17 17 3 36 14 16 27 17 17
085.meme.jpg 19 17 22 25 19 14 29 16 15 38 16 17
086.meme.jpg 35 19 9 14 12 16 30 17 15 39 13 16
087.meme.jpg 29 20 26 20 10 17 30 10 18 34 16 16
088.meme.jpg 11 17 22 23 16 10 24 16 18 39 15 14
089.meme.jpg 23 11 23 17 19 12 20 15 15 40 17 18
090.meme.jpg 21 13 11 24 19 10 27 17 14 38 15 19
091.meme.jpg 14 12 21 22 15 11 24 17 12 37 18 17
092.meme.jpg 14 12 21 22 15 11 24 17 12 37 18 17
093.meme.jpg 26 5 23 21 12 9 16 18 14 52 16 16
094.meme.jpg 19 17 19 24 14 16 24 24 15 35 7 17
095.meme.jpg 41 17 9 14 15 11 28 16 15 35 16 18
096.meme.jpg 27 15 7 18 20 4 27 18 17 38 15 16
097.meme.jpg 13 12 11 21 14 15 30 15 17 34 17 15
098.meme.jpg 20 14 19 23 14 12 35 17 13 24 16 19
099.meme.jpg 43 16 16 15 16 26 33 16 14 32 16 18
100.meme.jpg 21 7 14 19 11 10 32 15 16 34 16 15
