001.meme.jpg 58 3 0 0 0 0 0 3 142 102 10 26 0 0 0 0 2 8 4 3 0 0 1 7 153 154 50 30 1 0 0 1 25 24 35 39 29 39 29 15 142 51 21 18 19 2 4 5 55 31 33 18 58 44 29 15 198 124 99 102 98 97 89 169
002.meme.jpg 0 0 0 0 0 0 0 0 96 67 0 0 0 0 0 0 44 3 0 0 0 0 3 3 78 96 64 27 0 0 10 0 174 106 32 0 36 34 9 0 88 69 68 41 14 25 32 11 185 96 46 35 93 61 18 4 202 88 79 96 100 94 105 195
003.meme.jpg 0 0 0 0 0 0 0 0 13 1 0 0 0 0 2 0 0 0 0 0 0 0 0 0 229 207 51 1 81 37 0 0 0 0 0 0 0 0 0 0 157 76 7 2 105 41 0 1 23 2 0 1 2 0 0 2 190 80 68 67 96 90 119 175
004.meme.jpg 0 0 0 0 0 0 0 0 52 0 0 0 0 0 0 0 138 56 0 0 0 0 0 0 94 91 25 6 77 83 38 27 166 200 65 4 51 2 0 0 76 58 27 41 92 105 45 40 174 119 42 48 46 4 1 1 146 57 57 55 68 72 89 146
005.meme.jpg 0 0 0 0 0 0 0 0 109 78 0 0 0 0 0 0 50 4 0 0 0 0 0 2 90 111 78 39 0 0 16 0 204 136 46 0 42 36 13 0 93 81 76 43 9 22 40 10 197 120 49 8 105 71 25 2 155 96 103 104 84 47 49 106
006.meme.jpg 54 2 0 0 0 0 0 2 139 102 8 24 0 0 0 0 3 5 3 3 0 0 1 7 153 153 53 30 0 0 0 0 25 24 33 37 30 36 28 14 148 58 29 33 19 3 5 13 55 42 48 52 62 44 29 18 211 124 99 101 104 91 88 194
007.meme.jpg 118 31 0 0 0 0 0 3 84 73 18 36 0 0 0 0 9 0 4 0 0 0 11 5 138 152 66 13 9 5 1 0 65 116 97 63 59 88 59 12 137 122 54 5 35 38 37 0 143 135 93 17 90 103 56 5 210 148 140 131 106 76 64 124
008.meme.jpg 116 32 0 0 0 0 0 0 99 89 19 38 0 0 0 0 7 0 2 0 0 0 3 2 124 147 72 15 4 5 2 0 53 100 72 46 56 86 58 11 146 127 48 4 32 35 31 0 124 129 99 40 100 104 58 6 189 147 147 117 91 75 108 151
009.meme.jpg 0 226 91 139 0 0 0 0 0 0 44 65 130 71 83 28 0 0 0 0 0 0 0 0 34 20 16 9 118 46 23 3 5 1 2 3 0 1 0 2 57 25 24 74 95 21 19 52 41 19 21 70 17 6 7 52 140 74 68 85 66 84 86 220
010.meme.jpg 0 0 0 0 0 0 0 0 10 1 0 0 0 0 0 0 0 0 0 0 0 0 0 0 190 165 47 0 70 30 1 0 0 0 0 0 0 0 0 0 149 68 13 5 107 39 8 4 23 3 1 1 3 2 1 0 186 98 74 73 74 85 88 138
011.meme.jpg 51 97 0 0 0 0 0 0 73 57 89 52 4 0 0 0 0 0 0 0 0 0 0 0 246 113 56 38 51 11 3 1 0 0 0 0 1 1 1 0 90 54 42 62 43 27 23 37 9 7 7 35 7 8 7 15 106 75 63 63 69 78 73 157
012.meme.jpg 46 7 0 0 0 0 0 0 222 137 11 18 0 0 0 0 0 0 0 0 0 2 8 0 162 172 132 91 1 0 0 0 14 4 0 0 46 33 18 13 131 80 71 101 2 0 0 6 35 7 4 21 74 34 27 63 159 50 49 48 47 51 75 173
013.meme.jpg 0 0 10 35 0 0 0 0 41 35 0 0 31 1 49 17 103 34 149 9 0 0 0 0 19 48 48 8 44 30 27 1 110 66 53 30 4 14 12 0 12 18 24 26 15 1 7 4 98 37 24 15 9 14 13 7 126 108 93 92 89 102 105 181
014.meme.jpg 106 27 0 0 0 0 0 0 87 74 19 30 0 0 0 0 6 0 2 0 0 0 4 2 118 139 65 6 3 3 0 0 51 93 63 44 31 52 36 2 121 123 58 30 45 42 25 16 126 135 98 70 60 68 42 21 194 167 162 151 123 120 120 187
015.meme.jpg 60 0 0 0 0 0 0 0 117 99 0 0 0 0 0 0 0 0 0 0 0 0 6 2 140 91 51 30 0 0 0 0 87 12 3 2 24 13 5 5 125 53 39 44 25 2 1 4 119 31 14 16 59 24 8 7 173 88 67 65 58 65 79 116
016.meme.jpg 0 0 0 0 0 0 0 0 21 20 0 0 0 0 0 0 0 0 0 0 0 0 12 11 77 64 28 12 2 27 15 3 0 1 9 15 32 47 48 29 139 79 13 8 71 55 7 4 20 49 62 54 50 66 64 44 255 137 111 88 118 110 131 209
017.meme.jpg 2 0 0 0 0 0 0 7 10 21 0 0 0 0 0 0 48 0 0 0 0 0 6 1 19 46 59 53 2 0 0 5 163 60 63 52 12 17 22 19 30 46 56 53 21 7 54 105 71 62 129 104 13 46 52 28 71 32 56 78 115 155 151 90
018.meme.jpg 42 0 0 0 0 0 0 0 255 111 48 9 7 0 0 0 0 0 0 0 0 0 37 13 135 139 66 46 21 14 0 2 2 0 0 1 30 12 4 5 119 46 35 66 20 4 3 33 24 7 11 63 43 16 12 30 154 61 53 49 53 64 76 205
019.meme.jpg 255 5 0 0 0 0 0 0 220 52 0 6 0 0 0 0 0 0 0 0 0 0 0 0 208 60 11 13 0 0 0 0 2 0 0 7 28 1 1 0 148 49 42 99 22 3 5 42 50 8 10 90 56 7 9 37 191 41 38 50 48 48 62 225
020.meme.jpg 3 0 0 0 158 0 0 2 35 65 0 0 0 0 0 4 157 54 25 0 0 0 7 3 35 36 21 15 7 5 4 9 128 47 27 44 8 11 3 0 26 11 7 48 10 6 8 34 125 46 54 70 19 14 5 14 115 41 30 40 48 57 66 173
021.meme.jpg 0 0 0 0 0 0 0 0 81 96 0 0 0 0 0 0 0 0 4 18 0 0 2 4 150 109 59 13 0 0 0 0 14 30 33 23 56 70 58 14 132 75 26 15 0 9 2 14 36 22 2 8 105 44 10 0 255 121 111 66 54 59 63 132
022.meme.jpg 0 0 0 0 0 0 0 0 11 2 0 0 0 0 0 9 1 2 0 0 0 0 0 0 104 173 112 10 5 49 22 36 34 101 50 35 3 1 1 0 136 124 63 14 37 66 50 18 107 107 46 14 65 36 4 0 192 191 144 98 104 98 80 143
023.meme.jpg 107 0 0 0 0 0 0 0 178 179 0 0 0 0 0 0 0 0 0 0 0 0 4 0 159 95 59 62 0 0 0 0 0 0 0 0 7 0 0 0 123 19 5 15 0 0 0 0 0 0 0 0 9 0 0 0 155 52 47 69 49 55 62 150
024.meme.jpg 84 0 0 0 46 0 0 6 115 140 3 21 0 0 2 0 112 93 7 2 0 1 2 22 102 143 87 40 12 19 7 16 114 102 64 45 8 12 30 11 96 79 44 30 48 46 10 26 103 60 48 41 29 24 19 13 144 93 74 86 75 91 92 160
025.meme.jpg 116 81 0 0 15 0 0 5 161 134 48 41 0 0 0 0 4 42 9 2 0 0 23 16 110 103 67 52 0 0 0 0 124 98 92 86 26 27 22 5 101 50 25 48 1 4 7 35 136 83 72 116 82 54 20 12 148 118 72 63 54 51 99 176
026.meme.jpg 0 0 0 0 0 0 0 0 46 0 0 0 0 0 0 0 136 51 0 0 0 0 0 0 92 91 13 3 58 71 35 22 156 193 62 0 49 0 0 0 77 62 29 40 97 114 50 48 156 119 35 25 46 8 3 4 148 80 79 60 86 58 74 165
027.meme.jpg 0 0 0 0 0 0 0 0 2 0 0 0 0 0 0 0 0 0 0 0 0 0 3 2 121 58 49 31 0 0 1 12 2 15 85 73 91 101 76 31 119 72 33 11 10 7 9 22 53 51 55 38 103 109 60 23 207 107 93 89 78 79 111 175
028.meme.jpg 255 3 0 0 0 0 0 0 179 22 0 0 0 0 0 0 0 0 0 0 0 0 0 0 118 30 2 0 0 0 0 0 0 0 0 0 21 0 0 0 76 3 6 6 0 0 0 0 3 0 0 0 21 0 0 0 145 29 21 33 22 25 31 136
029.meme.jpg 150 0 0 0 0 0 0 0 252 48 15 78 0 0 0 0 0 0 0 0 0 0 0 0 146 55 31 1 0 0 0 0 0 0 0 0 24 0 0 0 109 0 0 0 2 0 0 0 3 0 0 0 33 0 0 0 160 54 55 53 52 70 71 143
030.meme.jpg 95 21 0 0 0 0 0 0 174 92 31 44 0 0 0 0 0 0 0 0 57 0 11 2 96 123 94 48 0 0 0 4 3 37 12 13 128 78 39 8 89 87 47 21 3 0 12 8 23 30 18 14 74 67 37 18 188 105 71 84 85 71 84 184
031.meme.jpg 169 111 45 143 4 0 0 25 100 37 7 27 2 49 40 21 13 0 6 0 0 0 40 0 111 54 24 15 49 9 4 3 14 0 2 0 15 2 3 2 93 25 17 20 54 3 0 0 28 3 8 10 18 6 5 6 173 60 48 67 51 55 96 162
032.meme.jpg 10 0 0 0 0 0 0 0 128 199 0 0 0 0 0 0 0 0 0 0 0 0 6 2 87 108 83 32 0 0 0 0 0 0 0 0 2 0 0 0 92 81 89 37 2 0 0 0 5 96 40 35 24 44 25 13 219 91 97 109 104 118 100 181
033.meme.jpg 106 27 0 0 0 0 0 0 87 73 19 30 0 0 0 0 6 0 2 0 0 0 4 2 117 144 65 6 3 3 0 1 76 107 72 53 43 66 43 3 110 119 48 12 37 39 24 8 113 125 95 53 56 74 46 7 140 144 140 131 90 78 90 130
034.meme.jpg 2 2 0 0 0 0 0 0 50 58 3 6 0 0 0 0 0 0 0 0 0 0 3 2 58 90 76 45 0 3 9 7 49 66 54 73 9 40 5 0 63 123 128 35 38 116 132 16 77 92 94 116 30 46 12 50 196 153 180 163 156 170 188 237
035.meme.jpg 151 0 0 0 0 0 0 0 224 120 0 0 0 0 0 0 9 0 7 0 0 0 5 0 232 123 47 33 0 0 0 0 15 15 0 0 41 0 0 1 151 30 10 23 2 2 3 7 27 14 4 12 71 6 1 4 119 65 40 37 30 42 40 84
036.meme.jpg 41 22 44 65 14 0 0 0 49 93 14 9 50 36 175 153 43 2 30 6 0 0 0 0 57 53 32 58 117 75 44 34 150 81 53 46 10 6 6 8 54 29 33 46 92 16 11 16 111 48 56 65 39 12 11 9 165 95 88 83 88 107 108 163
037.meme.jpg 6 0 0 0 0 0 0 0 69 102 0 0 0 0 0 0 14 4 4 2 0 0 0 0 99 51 48 120 0 0 0 0 67 91 46 4 10 6 4 1 122 42 45 57 6 1 0 4 98 57 42 29 47 19 13 15 255 202 151 129 147 148 183 255
038.meme.jpg 74 15 0 0 0 0 0 0 128 255 14 100 0 0 0 0 21 7 0 0 0 0 1 1 84 100 80 42 2 3 3 1 36 44 35 16 7 9 2 0 64 51 50 26 11 22 19 9 27 40 41 16 15 15 11 3 106 85 61 64 76 73 71 118
039.meme.jpg 59 11 0 0 0 0 0 0 255 48 40 42 0 0 0 0 0 0 0 0 0 0 0 0 176 103 43 46 10 7 10 21 23 16 4 2 6 0 0 0 70 34 30 48 90 56 57 95 110 29 21 19 21 0 4 4 195 68 71 67 57 60 71 112
040.meme.jpg 0 0 0 0 0 0 0 0 79 132 0 0 0 0 0 0 0 0 0 0 0 0 0 0 201 149 95 34 0 0 0 0 3 0 0 0 34 5 0 0 189 76 28 26 2 0 1 8 31 33 4 4 74 45 4 3 138 130 81 57 53 48 58 127
041.meme.jpg 0 0 0 0 0 0 0 0 61 64 2 5 0 0 0 0 6 15 8 7 0 0 0 0 113 131 112 28 1 2 0 0 77 79 68 27 5 5 11 2 133 72 85 40 193 66 42 10 183 90 78 43 28 30 60 24 255 103 91 69 82 83 83 109
042.meme.jpg 0 0 0 0 21 5 0 0 24 26 0 0 0 0 0 0 22 24 19 3 0 0 0 0 35 54 65 43 0 0 0 0 125 66 32 34 4 5 0 0 47 36 17 8 0 0 0 9 109 186 39 58 34 28 13 11 136 70 173 75 53 59 92 154
043.meme.jpg 0 0 0 0 0 0 0 29 161 107 0 1 0 0 0 0 0 0 0 0 0 0 50 28 217 164 120 84 0 0 0 0 0 0 0 0 43 32 9 9 131 53 32 55 27 1 4 27 77 12 2 41 68 20 3 22 218 126 54 25 38 35 55 172
044.meme.jpg 165 29 0 0 0 0 0 75 72 166 2 90 0 0 0 0 0 0 0 0 0 0 118 16 29 52 48 79 1 1 0 7 54 5 1 1 119 52 11 7 53 27 26 49 27 10 9 49 48 19 11 45 51 25 13 36 132 67 63 67 87 76 74 203
045.meme.jpg 0 0 0 0 0 0 0 0 104 67 0 0 0 0 0 0 0 0 0 0 0 0 34 36 120 128 178 8 0 0 0 0 22 1 4 6 34 52 64 9 122 29 6 19 24 11 10 28 39 14 13 33 75 14 10 28 212 98 68 50 54 56 55 205
046.meme.jpg 0 0 0 0 0 0 0 0 52 57 0 0 0 0 0 0 32 16 2 1 0 0 1 0 125 120 83 58 2 5 3 6 82 74 49 33 45 38 22 5 162 108 69 51 39 30 28 21 158 56 38 39 142 63 29 8 255 163 103 77 73 62 64 112
047.meme.jpg 143 1 12 2 0 0 0 44 181 215 28 44 37 20 65 28 4 0 0 0 0 0 46 29 142 103 79 69 90 90 77 60 38 33 36 42 48 3 0 2 117 46 41 60 65 44 43 89 27 17 22 77 61 14 16 36 97 40 44 43 50 48 56 152
048.meme.jpg 6 18 0 0 0 0 0 0 143 88 36 41 0 0 0 0 0 0 0 0 57 2 10 3 92 128 79 40 0 0 1 4 6 32 8 8 121 69 33 10 89 113 62 50 18 20 30 38 27 36 25 31 66 63 26 15 126 98 99 108 106 94 111 158
049.meme.jpg 0 0 0 0 0 0 0 0 140 44 0 0 0 0 0 0 0 0 0 0 0 0 0 0 204 136 42 0 0 0 0 0 6 29 14 2 16 5 2 0 241 77 21 57 66 39 29 89 36 37 4 12 65 27 5 3 255 98 90 68 55 50 83 229
050.meme.jpg 0 0 0 0 0 0 0 0 104 41 6 3 0 0 0 0 0 0 0 0 0 0 4 3 207 164 55 25 0 0 0 1 1 0 1 2 28 4 2 0 166 38 36 36 2 0 3 9 36 12 12 19 65 12 7 12 206 104 90 67 71 93 94 174
051.meme.jpg 0 0 0 0 0 0 0 0 104 41 6 3 0 0 0 0 0 0 0 0 0 0 4 3 207 164 55 25 0 0 0 1 1 0 1 2 28 4 2 0 166 38 36 36 2 0 3 9 36 12 12 19 65 12 7 12 206 104 90 67 71 93 94 174
052.meme.jpg 117 11 0 0 0 0 0 0 126 104 30 33 0 0 0 0 0 0 0 0 0 0 0 0 141 106 49 58 0 0 0 2 1 9 6 2 0 0 0 0 255 116 57 81 60 29 15 25 54 77 45 37 16 13 4 10 255 255 204 152 105 83 91 221
053.meme.jpg 0 0 0 0 0 0 0 0 93 59 3 2 16 0 0 0 0 0 0 0 0 0 14 5 160 146 103 32 51 86 4 0 0 0 0 0 9 5 4 0 113 33 21 19 37 5 3 6 70 9 7 14 46 9 2 3 252 127 107 96 107 107 129 186
054.meme.jpg 26 27 0 0 0 0 2 0 141 98 35 43 0 0 0 0 0 0 0 0 61 4 21 14 103 116 80 44 0 1 1 3 15 35 13 12 133 87 57 30 86 83 39 27 23 5 22 12 49 34 22 17 80 63 36 21 204 114 97 99 108 104 94 163
055.meme.jpg 0 0 0 0 22 4 0 0 94 58 1 2 0 0 0 0 6 13 6 5 0 0 33 37 131 136 178 4 0 0 0 0 26 10 16 19 38 52 51 2 136 48 37 31 7 3 2 13 23 12 14 29 75 20 18 20 160 89 54 49 71 51 52 150
056.meme.jpg 0 0 0 0 0 0 0 0 6 2 0 0 0 0 0 0 0 0 0 0 0 0 0 0 49 55 64 1 0 0 0 0 52 83 67 28 6 41 39 6 111 114 130 53 2 2 41 54 138 145 124 158 38 49 49 28 147 164 135 128 119 179 178 179
057.meme.jpg 48 0 0 0 0 0 0 0 118 157 0 2 0 0 0 0 0 0 0 0 0 0 0 0 130 228 155 102 0 0 0 0 0 0 0 1 2 0 0 1 106 51 23 110 10 5 2 12 38 35 19 25 17 1 1 2 168 81 57 69 64 66 88 167
058.meme.jpg 155 8 0 0 0 0 0 0 90 44 8 3 0 0 0 0 2 78 0 36 0 0 0 2 83 49 42 8 3 0 0 1 17 36 131 35 1 3 27 0 105 34 26 7 81 16 6 4 66 60 62 16 6 11 28 4 191 106 61 77 71 53 68 123
059.meme.jpg 0 0 0 0 0 0 0 0 89 62 0 0 0 0 0 0 46 3 0 0 0 0 1 2 76 91 60 28 0 5 15 1 182 109 29 1 23 29 5 0 81 65 55 14 16 26 35 7 203 89 33 2 73 48 6 0 178 107 93 100 73 55 67 138
060.meme.jpg 18 0 0 0 0 0 0 126 9 159 0 4 0 0 0 0 0 0 0 0 3 2 74 158 19 60 112 59 0 0 36 0 4 63 37 0 79 123 87 49 54 59 64 46 31 32 47 31 35 122 38 24 62 97 33 38 104 49 61 80 74 65 70 143
061.meme.jpg 0 0 0 0 1 0 0 42 72 22 0 2 0 0 0 0 1 1 8 0 13 3 18 34 87 86 63 88 0 0 0 0 61 19 7 6 124 64 43 32 57 51 64 100 6 3 2 37 33 7 7 23 64 47 46 49 176 136 132 132 116 125 134 255
062.meme.jpg 0 0 0 0 0 0 0 0 51 2 0 0 0 0 0 0 6 2 0 0 0 0 0 0 86 110 47 8 0 0 0 0 70 204 46 0 20 43 27 0 74 52 33 34 0 3 2 10 121 142 72 75 74 71 27 12 106 116 106 64 72 72 86 173
063.meme.jpg 129 0 0 0 8 120 0 101 107 124 0 2 2 5 5 5 8 5 158 72 116 2 117 50 72 59 40 66 12 14 6 2 75 65 62 81 104 89 54 40 69 34 38 78 25 20 12 42 117 44 46 88 85 38 36 61 180 90 69 72 81 83 98 182
064.meme.jpg 11 0 0 0 0 0 0 24 88 112 0 0 0 0 0 0 0 0 0 0 0 0 36 59 54 59 59 50 0 0 0 0 28 24 11 28 37 35 47 59 58 21 21 34 11 3 5 11 106 63 68 93 51 38 50 56 255 146 131 119 133 126 140 205
065.meme.jpg 0 0 0 0 0 0 0 0 33 3 0 0 0 0 0 0 0 0 0 0 0 0 11 23 132 101 57 45 0 0 0 0 0 0 0 0 53 63 46 31 115 161 133 90 4 3 4 13 13 13 7 17 89 76 57 60 110 88 97 84 73 81 78 150
066.meme.jpg 168 0 0 0 0 0 0 3 169 127 0 0 0 0 0 0 0 0 0 0 0 0 9 0 159 105 56 63 0 0 0 0 6 0 0 2 96 12 1 1 144 51 46 59 9 7 6 23 52 7 14 31 154 30 13 30 163 54 51 63 56 60 73 126
067.meme.jpg 0 0 0 0 0 0 0 58 89 83 8 4 0 0 0 0 9 38 0 0 0 0 97 45 124 151 96 85 51 36 37 46 32 47 42 30 59 48 47 47 128 90 53 53 82 39 44 66 67 38 23 31 66 45 47 63 166 87 70 62 84 96 116 148
068.meme.jpg 36 3 0 0 4 2 0 116 39 51 6 0 0 0 0 0 49 2 70 4 28 2 105 14 96 131 102 37 0 0 0 5 167 83 25 16 139 68 42 21 71 54 51 74 16 16 19 48 90 53 53 73 73 35 38 46 106 63 65 62 59 64 73 169
069.meme.jpg 0 0 0 0 0 0 0 0 100 49 43 13 0 0 0 0 0 0 7 0 49 0 50 38 134 136 80 20 0 1 0 0 56 11 2 1 132 94 51 17 108 99 54 46 13 25 16 25 67 47 33 43 93 67 46 47 159 123 132 135 106 98 112 176
070.meme.jpg 0 0 0 0 0 0 0 0 8 0 0 0 0 0 0 0 0 0 0 0 0 0 0 0 207 179 53 3 84 44 0 0 0 0 0 0 0 0 0 0 182 114 65 71 125 57 32 38 22 12 12 19 4 1 2 6 158 111 91 93 85 112 98 187
071.meme.jpg 255 8 0 0 0 0 0 0 232 50 3 5 0 0 0 0 0 0 0 0 0 0 0 0 186 87 56 64 0 0 0 0 0 0 0 2 32 4 1 0 114 53 55 104 2 5 3 29 26 19 21 59 42 5 10 35 89 64 60 64 55 73 74 182
072.meme.jpg 4 0 7 37 0 0 0 0 68 76 2 0 25 4 39 30 0 15 0 0 0 0 0 0 32 63 80 28 44 30 39 28 16 12 62 101 1 0 0 0 46 42 51 48 45 33 61 57 79 72 126 150 16 16 16 31 218 175 188 159 183 222 223 255
073.meme.jpg 19 0 96 15 109 50 0 0 66 110 13 10 67 7 58 0 59 36 35 18 0 0 10 36 42 80 65 4 38 50 7 0 129 113 36 2 46 51 64 54 38 29 4 6 10 7 1 5 67 39 21 18 50 29 20 7 117 79 91 89 95 87 103 138
074.meme.jpg 0 0 0 0 0 0 0 0 25 92 1 0 0 0 0 0 0 13 0 0 0 0 0 0 96 219 80 58 3 13 4 1 22 17 19 15 3 0 0 0 138 107 93 84 51 17 10 22 68 24 25 47 20 1 1 3 179 132 96 96 97 106 128 215
075.meme.jpg 0 0 7 29 0 0 0 0 47 50 0 0 30 3 42 17 0 23 0 0 0 0 0 0 129 110 64 21 48 35 31 11 7 7 33 34 3 1 3 2 218 128 64 27 34 14 8 1 43 6 10 4 55 12 8 0 255 167 117 112 105 102 118 158
076.meme.jpg 0 0 0 0 0 0 0 5 72 95 5 0 0 0 19 0 0 0 0 0 0 0 18 4 47 74 67 32 2 36 19 9 0 0 0 0 17 13 13 9 60 63 90 55 19 37 50 42 36 11 10 21 32 24 22 26 237 183 183 235 255 255 181 250
077.meme.jpg 139 0 0 0 0 0 0 14 255 96 0 0 0 0 0 0 13 13 7 9 0 0 87 0 179 84 52 21 0 0 0 2 13 45 42 4 84 27 9 1 117 57 50 62 23 11 14 35 34 39 26 51 50 34 25 37 123 53 54 53 49 54 63 140
078.meme.jpg 0 0 0 0 6 0 0 0 0 0 0 0 0 0 0 0 18 5 3 0 0 0 0 0 2 5 4 0 0 0 0 0 48 22 0 0 2 2 0 0 47 67 32 4 13 3 4 5 137 39 16 13 18 29 14 0 255 255 150 134 109 98 125 154
079.meme.jpg 0 1 0 0 0 0 0 0 19 7 19 10 0 0 0 0 0 0 0 0 0 0 0 0 132 169 85 47 25 12 4 1 55 45 20 3 21 19 5 2 173 178 85 84 163 98 46 33 144 105 63 55 43 47 28 42 193 193 155 120 102 110 113 174
080.meme.jpg 0 0 0 0 0 0 0 0 38 59 0 0 0 0 0 0 2 4 10 23 0 0 0 0 64 126 89 42 0 0 0 0 23 83 78 19 2 30 24 3 86 119 55 28 2 0 0 2 94 97 53 25 107 137 78 38 150 140 103 87 93 106 108 142
081.meme.jpg 4 1 0 0 0 0 0 19 56 84 1 2 0 0 0 0 1 3 1 2 3 2 63 54 123 125 77 62 0 0 0 3 61 105 73 65 125 132 97 74 144 121 65 83 50 26 13 39 112 110 68 78 121 119 73 82 159 188 105 87 90 79 96 191
082.meme.jpg 3 0 0 0 0 0 0 0 83 118 0 0 0 0 0 0 5 19 9 28 0 0 0 0 83 107 119 117 0 0 0 1 56 52 56 57 4 7 11 14 99 82 73 107 8 3 3 12 166 118 122 91 84 47 43 49 233 175 135 142 142 140 125 193
083.meme.jpg 0 0 0 0 0 0 0 16 0 0 0 0 0 0 0 0 9 38 53 50 99 2 184 58 14 1 2 1 0 0 1 0 61 38 68 54 254 201 128 36 31 12 7 26 16 13 18 33 29 10 8 28 92 63 63 77 95 51 49 57 51 65 65 130
084.meme.jpg 0 0 0 0 0 0 0 0 12 23 0 0 0 0 0 0 66 3 0 0 0 0 0 0 12 33 47 30 3 3 54 59 156 72 75 52 0 1 2 0 136 45 57 56 61 70 110 89 90 79 99 80 32 16 21 11 97 46 65 70 62 72 66 115
085.meme.jpg 14 0 0 0 0 0 0 0 67 56 0 0 0 0 0 0 0 0 0 0 0 0 29 31 120 117 85 59 0 0 0 0 4 6 2 0 65 131 98 47 145 68 50 70 29 5 2 24 56 26 12 16 141 152 78 62 248 185 117 102 95 121 140 198
086.meme.jpg 31 0 0 0 0 0 0 7 83 59 0 0 0 0 0 0 0 0 0 0 2 30 18 51 81 107 73 35 0 0 0 0 3 33 64 21 37 68 119 97 86 82 94 69 7 11 15 9 37 58 102 48 49 63 115 64 126 101 92 89 100 124 98 156
087.meme.jpg 6 15 0 0 0 0 0 2 58 24 78 40 0 0 0 0 3 0 0 0 2 2 21 5 45 73 60 23 0 5 3 2 132 75 30 11 29 52 64 39 46 81 79 68 11 24 17 21 84 92 118 85 59 75 77 73 136 106 127 155 168 165 168 194
088.meme.jpg 0 0 0 0 0 0 0 0 122 51 0 1 0 0 0 0 6 2 0 0 0 0 0 0 255 169 74 25 2 0 0 1 40 26 19 2 9 19 0 0 195 80 29 31 32 14 12 0 82 34 11 6 61 34 1 0 187 66 42 28 25 47 51 102
089.meme.jpg 139 0 0 0 0 0 0 0 132 130 5 24 0 0 0 0 0 0 0 0 0 0 0 0 230 183 99 32 0 0 2 0 0 16 46 21 7 65 15 0 202 113 71 31 41 5 20 17 47 43 51 37 55 74 37 7 238 145 123 105 127 126 145 236
090.meme.jpg 0 0 0 0 0 0 0 0 63 11 0 0 0 0 0 0 0 0 0 0 0 0 9 0 147 169 42 4 0 0 0 0 0 0 0 0 44 51 42 0 93 140 49 35 0 1 1 17 51 0 0 9 92 103 48 19 161 97 85 77 77 84 93 187
091.meme.jpg 2 0 0 0 0 0 0 0 130 96 3 5 0 0 0 0 0 0 0 0 0 0 0 0 148 148 56 33 6 36 0 0 0 0 0 0 28 10 7 4 134 73 51 43 43 16 1 2 4 1 2 9 65 20 19 23 212 145 111 95 91 93 100 166
092.meme.jpg 2 0 0 0 0 0 0 0 130 96 3 5 0 0 0 0 0 0 0 0 0 0 0 0 148 148 56 33 6 36 0 0 0 0 0 0 28 10 7 4 134 73 51 43 43 16 1 2 4 1 2 9 65 20 19 23 212 145 111 95 91 93 100 166
093.meme.jpg 246 0 0 0 0 0 0 24 128 137 0 7 0 0 0 0 4 6 2 4 0 0 22 39 86 59 48 74 0 1 3 3 28 33 30 19 54 45 42 43 62 30 27 57 7 15 11 56 35 26 26 32 55 25 26 34 60 57 48 47 44 48 60 99
094.meme.jpg 73 0 0 0 86 0 0 0 163 127 0 0 0 0 0 0 49 46 0 0 0 0 0 2 160 163 118 43 1 0 0 0 53 39 14 2 46 31 0 0 214 125 46 13 71 28 5 6 87 50 16 8 42 14 2 2 255 172 101 75 72 64 85 145
095.meme.jpg 0 0 0 0 0 0 0 1 82 66 3 0 0 0 11 0 0 0 0 0 0 0 27 15 71 151 155 47 0 25 20 7 0 32 43 44 22 48 52 4 73 96 166 99 1 21 42 48 4 55 84 105 39 48 61 36 114 42 67 111 161 170 180 206
096.meme.jpg 119 0 0 0 1 0 0 0 93 119 0 0 0 0 0 0 16 18 0 0 0 0 7 1 107 126 86 105 1 0 1 0 36 91 37 18 85 54 33 23 132 120 85 108 25 54 22 35 97 115 44 70 131 74 44 59 150 136 150 104 83 63 85 198
097.meme.jpg 0 0 0 0 10 4 0 2 65 90 0 1 0 0 0 0 38 33 8 2 0 0 6 6 108 123 101 77 6 12 20 20 75 67 56 51 62 62 29 11 144 101 66 59 43 20 20 34 138 50 16 32 152 87 33 13 255 142 88 72 93 111 104 193
098.meme.jpg 0 0 0 0 0 0 0 0 54 0 1 0 0 0 0 0 133 52 0 0 0 0 0 0 94 79 19 12 71 87 36 22 144 202 62 2 45 1 0 0 72 55 30 36 108 107 51 47 147 104 27 15 39 7 2 2 142 85 79 66 62 77 78 156
099.meme.jpg 0 0 0 0 0 0 0 0 0 0 0 0 0 0 0 0 15 23 9 4 0 0 0 0 0 22 9 0 0 0 0 0 43 65 103 80 69 93 46 2 3 6 2 39 1 3 7 7 92 90 133 114 63 60 54 30 90 176 114 117 145 191 255 95
100.meme.jpg 0 0 0 0 0 0 0 0 0 0 0 0 0 0 0 0 0 0 0 0 0 0 0 0 61 15 13 9 0 0 0 5 6 12 67 34 91 117 98 52 93 61 33 10 9 16 18 37 57 60 107 60 176 177 137 55 175 119 93 122 99 73 65 133
