001.meme.jpg 7 1 3 0 0 0 0 0 0 7 6 4 4 0 0 0 5 30 30 30 0 0 0 1 28 26 18 1 1 1 9 14 11 8 1 1 0 1 16 15 17 1 0 1 2 24 17 12 1 1 1
002.meme.jpg 7 17 10 1 1 2 0 0 0 2 12 7 6 1 1 0 4 31 31 31 0 0 0 6 4 6 8 0 0 0 2 11 11 12 1 1 0 3 20 13 10 1 0 0 2 20 19 19 1 1 0
003.meme.jpg 4 21 4 2 2 2 1 0 0 3 30 30 30 0 0 0 21 9 9 6 0 0 0 2 17 15 13 1 0 0
004.meme.jpg 7 17 5 9 14 18 0 0 0 4 31 31 31 0 0 0 3 2 2 2 1 1 0 12 7 10 10 0 0 0 1 10 8 6 1 0 0 1 14 8 6 0 0 0 2 15 17 17 1 0 0
005.meme.jpg 6 15 10 1 2 3 0 0 0 2 11 7 6 1 1 0 2 30 30 30 0 0 0 9 5 7 9 1 0 0 3 17 16 16 1 1 1 3 20 12 10 1 0 0
006.meme.jpg 7 5 3 0 0 0 0 0 0 7 6 5 4 0 0 0 5 30 30 30 0 0 0 2 25 18 13 1 1 1 5 14 11 9 0 0 0 1 17 17 19 1 0 1 3 15 10 6 1 0 0
007.meme.jpg 7 7 5 2 1 1 1 0 0 6 8 9 10 1 0 0 3 30 31 31 0 0 0 1 24 14 10 1 1 1 5 9 7 7 0 1 0 4 16 13 13 0 1 0 4 19 20 21 1 0 0
008.meme.jpg 8 8 5 3 2 2 1 0 0 5 8 9 10 0 0 0 4 31 31 31 0 0 0 1 23 14 10 1 1 1 5 9 8 7 0 1 0 1 28 24 15 1 1 1 3 18 19 20 1 0 0 4 16 13 13 0 1 1
009.meme.jpg 4 20 1 0 1 0 1 0 0 7 31 31 31 0 0 0 8 4 22 9 0 0 0 11 22 28 4 0 0 0
010.meme.jpg 5 22 3 0 0 0 0 0 0 17 9 8 6 0 0 0 2 31 31 31 0 0 0 4 3 3 3 0 0 0 2 16 14 12 1 0 0
011.meme.jpg 7 19 1 3 3 2 1 0 0 3 30 30 29 1 0 0 2 28 25 12 0 0 0 18 6 8 2 0 0 0 2 12 10 7 1 1 1 1 23 20 15 1 1 0 1 19 15 5 1 1 1
012.meme.jpg 7 17 6 0 0 0 0 0 0 3 8 6 6 1 0 1 5 29 29 29 0 0 0 6 18 12 8 0 1 0 4 11 7 4 0 1 0 2 26 20 16 1 1 1 3 17 15 13 1 0 1
013.meme.jpg 8 16 6 4 4 11 0 0 0 1 3 14 6 1 1 1 6 8 13 20 0 0 0 2 18 20 21 1 1 1 2 2 2 3 1 0 1 1 19 14 12 1 1 0 3 30 30 30 0 0 0 7 8 8 16 0 0 0
014.meme.jpg 8 3 4 3 2 2 1 0 0 3 20 22 23 1 0 0 1 23 14 10 1 1 1 5 10 8 7 0 1 0 6 9 10 11 0 0 0 1 29 25 14 1 1 1 5 17 14 14 0 1 0 3 30 30 30 0 0 0
015.meme.jpg 8 16 10 0 0 0 0 0 0 1 14 13 13 1 0 0 2 29 28 28 1 0 0 2 19 11 8 0 1 0 4 6 4 3 0 0 0 2 27 18 15 1 1 0 4 3 3 5 0 0 0 3 12 7 5 1 0 0
016.meme.jpg 7 19 8 0 0 0 0 0 0 5 31 31 31 0 0 0 6 4 4 4 0 0 0 4 9 9 8 0 0 0 2 8 5 5 0 0 0 1 16 16 17 0 1 0 1 24 23 24 0 1 0
017.meme.jpg 5 19 10 3 6 9 0 0 0 3 16 16 16 1 0 0 12 24 25 25 0 0 0 2 1 3 3 1 0 0 1 24 21 20 1 0 0
018.meme.jpg 7 10 3 2 0 0 0 1 0 4 30 30 30 0 0 0 1 10 10 7 1 1 1 12 18 12 8 0 0 0 4 12 6 4 1 1 0 3 20 10 8 1 0 0 1 15 15 8 1 1 1
019.meme.jpg 8 13 4 1 0 0 0 0 0 5 30 31 30 0 0 0 3 16 7 2 0 1 0 2 31 23 11 0 1 0 4 6 3 1 1 0 0 2 28 15 6 1 1 0 3 22 13 5 0 0 0 4 10 5 2 0 0 0
020.meme.jpg 7 17 14 1 5 13 0 0 0 1 3 23 28 1 1 1 2 23 30 31 0 0 0 4 3 3 4 1 0 1 1 22 16 13 1 1 1 2 15 28 31 0 0 0 5 30 30 30 1 0 0
021.meme.jpg 8 22 9 2 1 1 0 0 0 1 19 16 22 1 0 1 4 31 31 31 0 0 0 2 14 10 8 1 0 0 5 6 1 1 0 0 0 3 7 6 5 0 0 0 3 12 11 11 0 0 0 2 25 18 16 0 0 0
022.meme.jpg 8 15 2 1 0 0 0 0 0 1 24 30 30 0 0 0 7 11 13 13 0 0 0 4 12 10 8 0 0 0 5 6 6 6 0 0 0 5 17 16 14 0 0 0 3 31 31 31 0 0 0 2 18 19 19 1 0 0
023.meme.jpg 8 15 6 1 0 0 0 0 0 6 31 30 30 0 0 0 4 8 4 3 0 1 0 2 16 14 11 1 0 0 3 14 4 2 0 1 0 2 25 17 13 0 0 0 2 18 10 6 0 1 0 3 29 24 19 0 0 0
024.meme.jpg 8 1 2 5 11 17 1 1 1 4 30 30 30 0 0 0 4 13 11 9 1 1 1 5 1 3 4 1 0 1 4 22 18 13 1 1 1 3 14 18 21 1 0 1 3 24 16 11 1 1 1 3 6 7 6 1 1 0
025.meme.jpg 7 2 3 0 0 0 0 0 0 3 13 9 6 1 1 1 3 25 17 13 1 1 1 7 29 30 30 0 0 0 6 5 5 7 1 0 1 2 22 18 6 1 1 1 3 20 22 24 1 0 1
026.meme.jpg 7 17 5 9 14 17 0 0 0 4 31 31 31 0 0 0 3 2 1 2 1 1 0 12 7 10 10 0 0 0 1 10 9 6 1 0 0 2 14 17 17 1 0 0 1 13 8 6 0 1 0
027.meme.jpg 6 19 6 1 0 0 0 0 0 4 20 21 23 0 0 0 4 29 30 30 0 0 0 7 6 3 3 0 0 0 6 12 10 11 0 0 0 2 21 19 19 1 0 1
028.meme.jpg 8 17 5 0 0 0 0 0 0 5 31 31 31 0 0 0 2 7 3 1 1 0 0 2 31 22 11 0 1 0 4 28 15 6 0 0 0 3 16 7 2 0 1 0 3 21 11 4 0 1 0 3 11 5 2 0 1 0
029.meme.jpg 8 21 6 0 0 0 0 0 0 4 31 31 31 0 0 0 2 9 4 1 0 0 0 3 25 24 16 0 0 0 4 22 12 7 0 0 0 4 4 4 1 0 0 0 5 15 8 3 0 0 0 1 16 13 9 1 1 1
030.meme.jpg 8 5 6 0 0 0 0 0 0 3 9 8 8 0 0 1 6 31 31 31 0 0 0 3 14 9 5 1 1 0 3 8 2 8 0 0 1 1 22 22 11 1 0 1 4 16 15 14 1 0 1 3 23 16 10 1 1 1
031.meme.jpg 5 18 4 0 0 0 0 0 1 1 19 14 8 1 1 1 5 31 31 31 0 0 0 8 3 29 22 0 0 0 9 30 22 1 0 0 0
032.meme.jpg 8 20 6 0 0 0 0 0 0 6 31 31 31 0 0 0 1 15 10 8 1 1 0 4 11 11 12 0 0 0 4 25 20 15 0 0 0 3 20 19 19 1 0 0 4 22 14 11 0 0 0 1 4 3 2 0 0 0
033.meme.jpg 8 3 5 4 4 4 1 0 0 3 20 21 23 1 0 0 1 23 14 10 1 1 1 6 11 8 7 0 1 0 6 9 10 11 0 0 0 1 29 25 14 1 1 1 5 17 14 14 0 1 0 2 30 30 30 0 0 0
034.meme.jpg 7 22 2 8 7 11 0 0 0 7 21 21 21 0 0 0 6 14 15 14 0 0 0 8 28 29 29 0 0 0 4 9 8 8 0 0 0 1 20 16 13 1 1 0 2 2 2 2 1 0 0
035.meme.jpg 8 14 8 2 0 0 0 0 0 2 30 29 29 1 0 0 2 12 6 3 1 0 0 6 6 4 2 0 0 0 2 21 15 10 1 0 0 4 11 9 7 0 0 0 2 17 7 4 1 1 0 2 27 16 11 1 1 0
036.meme.jpg 8 12 4 4 6 9 1 0 1 3 4 14 8 1 1 0 4 28 29 29 0 0 0 1 28 20 17 1 1 0 6 2 3 2 1 0 1 5 12 23 18 0 0 0 1 14 15 16 1 1 1 3 10 22 13 1 0 1
037.meme.jpg 8 19 6 1 0 0 0 0 0 6 30 30 30 0 0 0 2 9 10 14 1 0 0 4 30 29 25 0 0 0 6 5 4 3 0 0 0 2 28 21 17 0 0 0 1 15 15 15 1 0 0 1 13 8 5 1 1 0
038.meme.jpg 6 14 1 2 2 1 1 0 0 4 21 15 10 1 1 1 2 29 29 29 1 0 0 18 26 22 14 0 0 0 1 9 12 14 1 0 1 2 13 12 10 1 1 1
039.meme.jpg 8 14 8 0 1 1 0 0 0 1 5 5 3 1 0 1 3 28 29 28 1 0 0 6 14 9 5 0 0 0 3 17 8 4 1 1 0 1 23 22 14 1 1 1 5 10 5 2 0 0 0 1 12 12 9 1 0 1
040.meme.jpg 4 22 20 7 5 5 0 0 0 4 23 18 15 1 0 0 2 30 30 30 1 0 0 3 13 10 8 1 1 0
041.meme.jpg 7 18 14 1 2 2 0 0 0 1 10 12 15 1 0 1 2 20 19 19 1 0 0 3 20 17 13 1 0 0 3 7 7 7 1 0 0 2 31 31 31 0 0 0 2 11 9 7 1 0 0
042.meme.jpg 5 22 2 0 1 2 0 0 0 3 30 30 30 0 0 0 19 9 10 10 0 0 0 3 3 5 8 0 0 0 1 23 20 18 0 1 0
043.meme.jpg 7 18 5 1 0 0 0 0 0 3 31 31 31 0 0 0 7 7 4 2 0 0 0 5 13 9 6 0 0 0 2 21 15 12 1 0 0 3 24 22 19 1 0 0 3 5 5 5 0 0 0
044.meme.jpg 7 1 3 1 0 1 0 0 0 14 30 30 30 0 0 0 6 31 27 19 0 1 0 2 15 4 6 1 1 1 1 19 1 5 0 1 0 3 26 17 12 1 1 1 1 10 8 9 1 1 1
045.meme.jpg 7 19 3 0 0 0 0 0 0 1 14 11 9 1 1 1 9 22 21 17 0 0 0 4 30 30 31 0 0 0 3 8 3 2 0 0 0 7 19 12 12 0 0 0 3 5 4 4 0 0 0
046.meme.jpg 7 16 18 1 1 2 0 0 0 1 7 10 12 1 0 1 1 22 22 22 0 1 1 1 22 16 14 1 1 0 2 15 14 13 0 0 0 4 8 6 6 1 1 0 2 30 30 30 0 0 0
047.meme.jpg 8 1 5 1 0 0 0 0 0 3 7 11 9 1 1 1 3 18 11 8 1 1 0 5 28 29 29 1 0 0 3 30 26 21 1 1 0 1 12 21 14 1 1 1 5 28 18 14 1 1 0 3 6 3 2 1 1 0
048.meme.jpg 8 8 4 8 2 8 0 0 1 5 11 10 10 0 0 1 3 29 29 28 0 0 0 4 13 8 5 1 1 0 1 22 22 11 1 0 1 3 3 2 3 0 0 1 3 23 16 12 1 0 0 5 17 16 15 1 0 1
049.meme.jpg 6 19 13 1 0 0 0 0 0 4 30 31 30 0 0 0 3 10 6 3 0 0 0 1 12 12 13 1 0 1 3 16 12 9 1 0 0 5 7 6 5 0 0 0
050.meme.jpg 6 18 9 2 1 1 0 0 0 6 30 30 30 1 0 0 3 14 13 10 1 0 1 2 12 7 5 0 0 0 4 18 13 11 1 0 0 5 8 6 4 0 0 0
051.meme.jpg 6 18 9 2 1 1 0 0 0 6 30 30 30 1 0 0 3 14 13 10 1 0 1 2 12 7 5 0 0 0 4 18 13 11 1 0 0 5 8 6 4 0 0 0
052.meme.jpg 5 13 17 3 3 3 0 0 0 5 30 30 29 0 0 0 1 18 12 7 1 1 0 3 13 13 13 1 0 0 2 9 7 4 0 0 0
053.meme.jpg 8 20 11 1 1 1 0 0 0 2 7 6 6 1 0 0 3 30 30 30 0 0 0 2 10 6 4 1 1 0 3 19 13 11 0 0 0 3 9 14 8 0 0 0 2 23 19 18 0 1 0 3 8 8 5 0 0 0
054.meme.jpg 8 1 5 1 0 1 0 0 0 3 9 8 8 0 0 1 4 30 30 30 0 0 0 3 14 8 5 1 1 0 1 22 22 11 1 0 1 4 8 2 8 1 0 1 5 17 16 15 1 1 1 3 24 16 13 1 1 0
055.meme.jpg 7 18 1 1 0 0 0 0 0 2 14 10 9 1 1 1 9 22 21 17 0 0 0 3 30 30 31 0 0 0 3 9 4 3 0 0 0 6 19 12 12 0 0 0 3 5 4 4 0 0 0
056.meme.jpg 6 15 6 3 3 3 0 0 0 3 12 13 15 1 0 0 4 29 29 30 0 0 0 6 16 16 15 0 0 0 6 8 7 7 0 0 0 4 22 22 22 0 0 0
057.meme.jpg 6 17 2 1 1 0 1 0 0 9 29 29 29 0 0 0 4 10 9 7 0 0 0 8 17 15 12 0 0 0 4 25 22 17 1 0 0 1 16 11 8 0 0 0
058.meme.jpg 7 8 5 1 1 0 0 0 0 3 17 10 5 1 1 1 4 17 20 27 0 0 0 4 31 31 31 0 0 0 6 16 16 18 0 0 1 3 25 15 7 1 1 1 4 5 5 4 0 0 1
059.meme.jpg 7 23 15 1 1 2 0 0 0 1 11 7 6 1 1 0 2 31 31 30 0 0 0 4 4 6 8 0 0 0 1 18 18 17 1 1 0 2 20 12 10 1 0 0 2 9 10 11 0 0 0
060.meme.jpg 8 7 2 0 0 0 0 0 0 2 30 30 30 0 0 0 5 27 13 20 1 1 0 2 19 12 14 1 1 1 7 10 9 11 0 0 0 4 26 21 18 0 1 1 5 16 17 17 0 0 0 2 26 17 17 0 1 1
061.meme.jpg 7 19 1 5 2 8 1 0 0 14 31 31 30 0 0 0 2 14 12 13 1 0 0 3 14 8 7 1 0 0 3 7 3 4 0 1 0 3 1 0 1 0 0 0 2 23 21 21 1 1 0
062.meme.jpg 6 18 2 3 2 3 1 0 0 3 30 30 30 0 0 0 4 15 12 10 0 0 1 15 10 10 13 0 0 0 2 7 5 4 0 0 0 2 17 17 19 0 0 0
063.meme.jpg 8 1 3 5 5 19 0 0 1 2 16 15 17 1 1 1 3 13 6 7 1 1 1 8 1 0 1 1 0 0 1 25 7 6 1 1 1 4 24 15 12 1 1 1 5 30 29 29 0 1 1 2 10 7 15 1 1 1
064.meme.jpg 7 6 11 0 0 0 0 0 0 2 19 18 19 1 0 0 1 12 6 5 1 1 0 3 27 20 19 0 1 0 3 6 5 6 1 0 0 6 29 29 29 0 0 0 3 20 13 11 0 0 0
065.meme.jpg 7 17 3 2 1 1 0 0 0 4 10 9 9 0 0 0 4 24 23 22 0 0 0 5 9 5 4 0 1 0 9 16 15 15 0 0 0 1 20 13 15 0 0 0 2 31 30 30 0 0 0
066.meme.jpg 7 8 12 2 1 2 0 0 0 3 29 29 28 1 0 1 2 17 8 5 1 1 0 4 8 5 4 1 0 0 2 26 19 15 1 1 0 3 9 3 2 1 0 0 3 24 13 9 1 1 0
067.meme.jpg 8 1 5 1 1 1 0 0 0 1 19 21 22 1 1 1 3 13 8 7 1 1 1 5 7 7 6 0 0 0 2 17 5 9 1 1 0 4 24 19 17 1 1 1 5 12 12 9 0 0 1 4 28 28 27 0 0 1
068.meme.jpg 8 3 3 5 6 12 0 0 1 4 30 30 30 0 0 0 3 21 2 4 0 1 0 3 7 4 4 1 1 1 4 14 11 10 1 1 0 7 1 2 5 0 0 1 1 12 2 5 1 1 1 3 21 17 15 1 1 0
069.meme.jpg 8 5 3 6 1 8 0 0 1 6 10 9 9 1 0 0 3 19 17 16 1 1 0 3 9 5 3 1 1 0 3 30 30 30 0 0 0 6 2 0 2 0 0 1 1 18 16 8 0 0 1 3 18 10 10 1 0 0
070.meme.jpg 5 15 4 2 3 2 1 0 0 4 30 31 30 0 0 0 19 8 8 6 0 0 0 1 18 18 18 1 0 0 1 16 14 12 1 0 0
071.meme.jpg 8 5 4 3 1 0 1 0 0 5 30 29 29 1 0 0 2 16 7 3 0 1 0 3 31 22 12 0 1 0 6 9 5 3 1 0 0 3 28 15 7 1 1 0 3 12 5 2 1 0 0 3 22 12 5 0 1 0
072.meme.jpg 5 1 2 1 1 1 1 0 0 17 22 24 24 0 0 0 4 20 15 13 1 1 0 5 30 30 30 0 0 0 2 10 10 10 1 0 0
073.meme.jpg 8 1 1 8 13 27 1 0 1 5 4 18 6 0 0 1 3 29 28 29 1 1 1 5 2 2 4 0 0 1 5 22 15 12 1 1 1 3 12 21 29 1 0 1 4 7 9 13 0 0 1 2 12 13 12 1 1 1
074.meme.jpg 6 15 4 3 3 3 1 0 0 2 12 10 9 1 1 0 2 26 21 18 1 0 0 17 11 13 8 0 0 0 4 30 30 30 0 0 0 1 20 20 20 1 0 0
075.meme.jpg 6 10 19 1 1 1 0 0 0 1 21 16 13 1 1 0 2 13 12 10 1 0 0 1 20 22 23 0 1 1 1 30 30 30 0 0 0 4 6 5 4 0 0 0
076.meme.jpg 6 12 3 2 1 1 1 0 0 5 30 30 29 0 0 0 1 16 11 8 1 1 1 14 20 20 20 0 0 0 2 24 18 15 0 0 0 3 12 12 11 1 0 0
077.meme.jpg 8 5 3 2 1 0 1 0 0 1 14 14 15 1 1 1 5 16 9 4 0 1 0 6 11 6 2 0 1 0 3 11 1 1 0 1 0 3 30 30 30 0 0 0 2 26 16 10 1 1 1 4 6 1 0 0 1 0
078.meme.jpg 4 16 1 0 0 0 0 0 0 3 14 14 14 1 0 0 2 30 30 30 0 0 0 24 4 4 4 0 0 0
079.meme.jpg 7 11 5 1 2 2 0 0 0 3 15 15 15 1 0 0 3 29 29 29 1 0 0 9 6 6 6 0 0 0 2 18 18 14 1 0 0 6 11 10 8 0 0 0 1 9 4 4 0 1 0
080.meme.jpg 7 15 7 4 3 4 0 0 0 2 12 13 18 1 0 1 2 29 29 29 0 0 0 8 10 9 10 0 0 0 2 24 19 16 1 0 1 3 19 18 19 1 0 1 4 16 13 11 1 0 0
081.meme.jpg 8 1 8 4 4 4 0 0 0 2 21 20 23 1 0 1 1 18 7 9 1 1 1 3 9 6 5 0 1 0 4 30 30 30 0 0 0 5 8 8 10 0 0 0 2 28 21 19 1 1 1 3 14 12 11 1 1 0
082.meme.jpg 7 7 7 2 2 3 0 0 0 2 15 12 9 1 1 0 5 30 30 29 0 0 0 6 22 22 23 0 0 0 3 7 6 7 0 0 0 3 24 19 15 1 1 0 2 15 14 15 1 0 0
083.meme.jpg 8 8 6 8 3 11 0 0 0 4 10 4 7 0 0 0 2 16 17 23 1 0 1 9 4 1 5 0 0 1 1 14 12 14 1 0 1 2 29 29 29 1 0 0 2 13 4 7 0 1 0 3 20 13 16 1 0 0
084.meme.jpg 5 19 10 1 4 7 0 0 0 2 11 12 12 1 0 0 12 0 0 0 0 0 0 4 21 22 22 0 0 0 1 29 30 30 0 0 0
085.meme.jpg 7 7 4 1 1 1 0 0 0 3 24 21 21 1 1 0 5 13 11 12 0 0 0 4 15 10 10 1 0 0 1 20 11 10 1 1 0 8 7 5 5 0 0 0 4 30 30 30 0 0 0
086.meme.jpg 6 3 3 4 3 3 1 0 0 12 19 18 19 0 0 1 3 12 8 7 1 1 0 4 30 29 29 0 0 0 3 24 18 23 1 0 1 3 19 13 11 1 1 0
087.meme.jpg 8 8 2 3 2 3 1 0 0 5 17 16 17 0 0 0 4 29 29 29 0 0 0 3 17 16 8 1 1 1 3 10 10 9 0 0 0 5 23 22 22 0 0 0 1 16 10 12 1 1 1 5 5 6 9 0 0 0
088.meme.jpg 7 21 7 1 1 1 0 0 0 5 11 7 3 0 0 0 2 17 13 10 0 0 0 2 30 30 30 0 0 0 2 12 11 11 1 1 0 10 8 6 5 0 0 0 1 24 21 18 1 0 0
089.meme.jpg 8 8 2 1 0 0 0 0 0 2 20 20 20 0 0 1 4 25 20 14 1 0 0 3 12 10 10 0 0 0 2 24 15 9 1 1 0 4 13 10 7 1 0 0 3 31 31 30 0 0 0 7 4 4 2 0 0 0
090.meme.jpg 5 24 4 3 2 3 0 0 0 5 30 30 30 0 0 0 6 10 8 7 0 0 0 6 12 7 5 0 0 0 9 15 13 13 0 0 0
091.meme.jpg 6 13 11 3 2 2 1 0 0 8 11 12 9 0 0 1 3 29 29 29 1 0 0 4 10 5 4 0 1 0 2 18 12 8 1 1 0 1 25 20 16 1 1 1
092.meme.jpg 6 13 11 3 2 2 1 0 0 8 11 12 9 0 0 1 3 29 29 29 1 0 0 4 10 5 4 0 1 0 2 18 12 8 1 1 0 1 25 20 16 1 1 1
093.meme.jpg 8 1 4 3 0 1 0 0 0 4 14 7 5 1 1 0 1 21 18 20 1 1 1 4 23 10 6 1 1 0 4 27 19 15 1 1 1 3 28 10 6 0 1 0 5 28 28 27 0 0 1 3 9 5 5 1 1 0
094.meme.jpg 8 10 5 1 1 1 0 0 0 1 8 20 26 1 1 1 4 11 8 5 0 0 0 4 21 20 17 1 0 1 3 17 12 7 0 1 0 3 31 31 31 0 0 0 7 6 6 5 1 0 0 2 25 18 12 1 1 0
095.meme.jpg 7 15 1 2 1 1 1 0 0 2 12 12 13 1 0 1 5 16 13 12 1 0 0 9 28 28 28 0 0 0 2 15 9 8 1 1 0 9 20 20 19 0 0 0 1 20 15 11 1 0 0
096.meme.jpg 8 13 6 4 3 3 1 0 0 4 30 30 30 0 0 0 3 25 16 12 1 1 0 2 10 12 14 1 0 1 2 12 7 6 1 1 0 2 18 17 16 1 0 1 6 9 8 8 0 0 0 3 29 27 25 0 0 0
097.meme.jpg 7 14 13 0 0 0 0 0 0 5 30 30 30 0 0 0 1 18 12 10 1 1 0 2 11 9 9 1 1 0 4 4 4 4 0 0 0 1 20 19 18 1 1 1 1 27 21 19 1 1 0
098.meme.jpg 7 18 5 9 14 18 0 0 0 4 30 30 30 0 0 0 3 3 3 3 1 1 0 13 8 10 11 0 0 0 1 11 9 6 1 0 0 1 12 7 3 0 0 0 2 14 17 17 1 0 0
099.meme.jpg 7 22 1 8 8 11 0 0 1 1 17 19 22 1 0 0 2 16 15 16 1 0 0 19 24 25 25 0 0 0 2 11 7 8 0 0 0 1 17 12 13 0 0 0 3 6 5 6 0 0 0
100.meme.jpg 6 22 6 2 2 2 0 0 0 5 14 13 14 0 0 0 2 31 31 31 0 0 0 8 8 6 6 0 0 0 4 21 22 23 0 0 0 3 22 19 21 0 0 0
