001.meme.jpg 6 2 3 4 4 5 3 1 3 6 6 2 3 4 5 6 4 5 4 3 5 1 4 4 2 4 4 4 6 3 4 2 6 3 4 4 3 5 3 3 5 2 4 3 3 5 3 2 3 3 3 3 6 2 5 3 4 4 7 3 5 4 5 2 4 4 3 3 5 7 5 5 4 0 6 6 5 4 0 4
002.meme.jpg 4 3 6 4 5 6 2 5 4 5 6 2 3 4 6 5 4 4 4 4 4 2 6 7 1 4 2 3 6 5 4 3 6 5 3 2 4 5 7 2 3 2 6 4 2 1 5 4 6 6 2 3 5 5 3 3 3 6 6 4 4 2 4 4 5 5 4 2 3 3 5 3 1 3 5 5 4 1 6 3
003.meme.jpg 4 1 5 1 1 1 6 1 6 2 1 0 0 6 1 0 1 0 3 0 5 1 3 6 2 2 2 5 6 5 2 1 2 2 0 0 0 0 3 0 6 1 0 3 2 1 6 4 5 3 3 3 1 4 3 0 0 0 3 1 6 3 2 4 2 7 2 4 2 4 7 1 2 4 5 5 2 4 4 4
004.meme.jpg 4 3 1 0 4 4 3 2 2 2 5 3 2 4 5 1 4 0 1 3 6 1 0 1 0 4 1 2 2 3 4 4 3 5 5 3 5 6 6 2 2 2 4 0 3 5 0 5 0 4 4 0 0 4 6 5 3 1 5 2 3 4 2 4 5 5 3 5 6 4 4 4 3 5 5 4 5 2 4 2
005.meme.jpg 3 1 7 6 4 5 3 5 6 4 4 2 6 7 4 2 3 6 7 1 4 2 6 7 2 4 4 6 6 3 4 4 7 7 2 3 3 5 7 1 1 3 5 4 3 2 5 4 6 5 1 3 6 5 4 5 3 7 5 2 5 1 5 5 3 5 1 4 4 5 5 3 3 3 4 3 3 2 6 4
006.meme.jpg 6 2 3 4 4 5 3 0 3 6 6 2 3 4 5 6 4 5 3 3 5 1 4 4 2 4 3 4 6 3 4 2 6 4 4 4 3 5 3 3 6 2 3 3 3 5 2 2 3 3 3 3 5 3 6 3 4 5 7 3 5 4 5 2 4 4 3 3 5 7 5 5 4 0 6 6 5 5 0 4
007.meme.jpg 4 4 4 3 6 4 3 4 6 5 5 2 4 4 6 5 5 4 5 3 5 5 6 4 3 4 3 4 6 6 3 4 7 3 3 3 2 4 7 5 2 5 3 4 3 2 7 2 2 2 5 5 6 3 1 5 2 4 7 3 3 5 3 5 2 4 3 4 3 4 5 4 4 5 4 5 4 2 6 4
008.meme.jpg 4 5 4 5 4 5 4 2 5 4 5 4 5 3 5 4 5 4 6 3 5 3 6 6 4 4 5 5 4 4 2 3 7 4 5 4 3 5 6 3 2 6 2 5 3 1 7 2 5 2 4 3 5 5 2 4 3 0 7 1 4 3 4 2 2 6 4 3 1 3 4 4 5 4 4 5 3 4 4 4
009.meme.jpg 2 1 1 2 4 3 2 2 2 6 2 2 3 2 6 1 1 1 2 3 0 2 0 0 0 2 2 0 1 2 1 2 2 1 3 0 1 0 0 0 0 0 1 0 2 0 1 1 3 4 0 2 1 3 3 0 2 0 0 0 1 0 0 0 3 5 4 2 4 6 6 2 3 4 6 0 0 0 1 2
010.meme.jpg 3 3 1 5 2 2 6 4 5 1 2 4 1 3 1 1 3 0 6 1 5 0 2 2 3 3 2 6 5 5 3 0 0 2 1 0 0 0 5 0 2 0 2 3 2 2 4 5 4 3 5 1 1 4 2 2 0 1 1 0 2 3 5 4 2 4 3 5 5 0 4 1 5 6 3 3 2 4 3 2
011.meme.jpg 2 1 3 0 2 4 2 0 1 2 3 2 1 2 3 1 1 0 2 2 0 2 2 0 3 1 2 5 1 2 4 2 5 7 5 2 1 2 5 1 1 4 6 4 5 3 5 5 5 4 3 2 6 7 5 1 1 2 6 5 2 4 5 2 6 6 3 4 4 4 6 0 4 4 6 2 4 2 5 6
012.meme.jpg 3 2 4 0 0 6 5 1 3 2 5 5 4 1 3 6 1 0 4 0 5 1 2 2 2 6 1 3 2 2 5 2 4 4 2 6 1 1 3 0 6 3 1 0 1 5 3 6 3 5 5 1 2 7 6 5 0 0 3 3 5 2 1 4 3 5 4 4 5 4 4 3 6 3 6 5 2 2 4 4
013.meme.jpg 0 0 0 0 0 2 3 3 5 2 1 3 1 5 2 0 0 0 0 0 0 1 0 0 0 2 4 6 1 5 2 2 2 3 3 0 2 0 3 0 5 2 3 2 2 6 4 3 3 3 7 4 3 3 2 5 1 2 2 3 0 0 0 0 1 6 4 2 3 2 4 3 2 2 2 0 0 0 0 0
014.meme.jpg 3 4 5 6 5 5 2 5 4 5 6 2 4 3 4 4 3 6 2 3 5 4 6 5 4 4 4 4 7 3 3 2 7 4 6 4 3 5 4 5 2 6 3 2 1 3 7 1 1 2 5 4 5 4 1 3 5 5 7 2 3 5 1 2 4 3 5 3 2 4 4 5 2 6 5 2 5 4 3 5
015.meme.jpg 4 4 6 6 1 6 3 6 5 4 6 1 4 1 1 4 3 7 7 3 2 2 5 6 1 4 3 5 6 5 3 3 5 4 1 3 3 4 5 4 5 0 5 6 4 3 1 5 4 5 2 2 3 1 2 1 1 0 3 0 4 2 6 6 5 4 2 6 4 3 3 3 6 6 5 3 3 7 6 1
016.meme.jpg 3 4 0 0 3 4 5 4 3 2 4 4 5 7 3 3 3 2 3 2 3 1 4 3 1 6 2 3 3 3 4 3 4 6 5 2 0 1 5 2 5 2 7 4 3 7 0 4 5 4 6 3 4 6 3 5 1 2 3 4 3 5 4 5 2 3 3 5 4 4 3 3 6 4 4 2 5 5 5 2
017.meme.jpg 2 2 4 0 2 1 3 7 2 5 3 3 2 2 5 3 1 3 4 5 5 0 4 4 3 4 5 3 4 3 5 0 2 5 2 3 2 5 1 2 5 0 2 5 1 3 2 7 5 4 5 1 7 3 3 3 2 2 1 1 4 1 1 4 1 2 3 1 6 3 5 2 5 5 2 0 2 1 0 0
018.meme.jpg 3 2 2 1 2 5 3 3 3 4 4 4 4 5 4 4 2 1 0 3 0 0 0 4 0 5 0 2 1 3 2 4 7 5 5 0 0 0 1 0 1 1 3 4 2 2 1 1 5 5 3 4 6 5 6 1 0 0 0 2 5 2 3 7 3 6 4 1 5 3 5 4 3 0 6 2 2 1 4 4
019.meme.jpg 1 3 3 3 2 4 3 6 4 4 4 2 5 6 5 5 1 5 4 3 0 4 3 0 2 6 2 5 5 2 6 1 2 7 3 4 3 6 4 2 3 3 6 2 2 4 3 4 6 6 4 3 5 4 5 3 2 6 5 4 3 2 3 3 4 6 3 5 2 5 5 2 3 3 7 6 2 3 3 5
020.meme.jpg 6 2 1 0 2 6 3 2 1 3 5 3 1 2 5 5 1 0 2 4 4 0 0 0 0 6 1 1 0 2 2 1 4 6 4 0 0 0 0 0 4 1 0 1 1 6 1 3 1 1 5 2 3 6 3 0 0 0 1 1 1 3 2 5 2 3 4 5 6 4 4 2 7 6 3 3 3 2 2 2
021.meme.jpg 4 2 3 2 4 4 4 1 5 5 6 1 2 2 3 2 2 0 0 3 4 1 2 5 6 3 1 7 3 3 7 0 1 0 1 0 0 0 0 0 1 1 0 4 3 4 1 3 7 5 3 3 4 6 5 2 1 2 2 2 4 2 1 3 4 4 2 2 1 4 3 2 2 3 2 4 2 1 2 2
022.meme.jpg 3 5 2 3 2 6 4 3 2 2 6 4 2 5 3 5 3 2 0 3 2 3 3 4 3 3 3 1 5 5 5 3 5 2 5 3 0 0 0 0 6 1 1 3 1 7 1 1 4 3 2 1 3 6 4 4 0 2 6 5 6 2 2 4 3 5 1 3 7 6 5 2 6 4 4 5 1 5 4 7
023.meme.jpg 6 3 5 3 5 6 4 1 4 4 5 2 1 5 7 5 1 2 4 4 6 1 6 2 1 5 3 3 7 1 7 0 5 5 2 6 0 3 5 5 7 2 2 4 2 4 2 7 7 3 6 0 2 0 2 6 1 3 4 3 6 3 5 4 2 6 2 5 6 4 6 2 3 3 2 6 3 5 3 3
024.meme.jpg 4 4 6 6 0 4 5 6 2 4 4 4 5 7 3 4 2 5 7 2 1 5 5 7 1 4 4 5 7 2 5 3 6 5 3 5 1 7 6 2 5 3 3 6 1 5 2 5 4 4 4 2 6 4 4 5 2 5 6 2 5 4 4 3 4 6 4 2 4 5 6 5 2 3 3 5 5 0 6 2
025.meme.jpg 5 4 3 0 4 5 4 5 3 4 5 4 1 6 4 5 4 2 1 4 2 4 6 5 5 4 4 5 7 3 4 3 7 5 4 1 5 3 5 4 4 2 6 1 5 2 3 2 5 4 3 4 6 3 4 4 2 4 4 5 6 2 1 3 5 6 3 1 3 6 6 5 2 3 3 5 2 5 3 5
026.meme.jpg 5 5 1 1 3 5 4 1 2 3 5 4 4 4 3 4 4 2 2 2 6 1 0 0 0 3 1 3 2 2 2 3 4 6 5 4 4 4 5 2 4 3 2 1 3 4 0 4 2 3 5 0 1 2 4 5 2 1 2 3 5 3 3 4 3 5 1 6 6 4 4 3 4 3 5 5 2 4 4 2
027.meme.jpg 5 3 2 2 2 5 4 3 3 2 6 2 1 6 5 6 1 3 3 5 0 0 2 2 1 3 4 4 3 3 6 2 6 5 2 3 2 6 3 4 3 0 0 5 1 5 2 2 4 1 6 2 6 6 3 2 4 6 3 7 4 1 3 3 2 5 2 1 7 2 4 4 5 5 6 5 2 2 2 7
028.meme.jpg 3 4 0 0 1 1 6 2 4 3 6 3 4 6 2 4 3 2 0 0 4 4 0 3 2 4 3 5 4 3 6 4 4 7 1 6 0 1 2 3 4 3 4 6 5 4 2 5 7 5 4 3 7 1 4 4 2 6 2 4 6 3 4 5 3 5 3 6 6 3 5 4 4 6 3 6 4 3 5 3
029.meme.jpg 6 5 2 2 2 6 4 4 2 4 5 4 0 2 4 5 3 5 4 5 2 2 3 0 0 5 2 7 5 4 1 2 5 7 3 2 1 7 1 1 4 5 5 2 2 3 3 5 7 4 2 1 7 1 1 4 1 4 1 4 3 0 1 3 2 6 4 1 3 5 4 4 5 3 6 3 2 5 1 1
030.meme.jpg 5 3 1 0 3 5 5 5 4 4 6 5 2 4 3 6 3 5 4 3 4 3 6 6 1 4 4 6 5 4 3 2 6 7 4 3 3 4 6 4 4 2 5 3 4 4 5 5 3 5 4 3 5 5 5 0 6 4 2 4 5 3 4 4 4 4 3 5 3 5 6 3 5 1 4 5 4 3 3 5
031.meme.jpg 3 1 2 3 3 4 2 1 0 3 4 2 2 2 3 1 3 2 2 2 0 0 0 0 0 2 1 3 1 5 3 2 3 3 7 0 0 0 0 0 0 0 0 0 0 2 1 1 6 5 1 1 5 3 5 0 0 0 0 0 3 3 0 0 2 5 6 1 2 1 3 6 3 3 3 4 3 3 1 2
032.meme.jpg 6 2 5 3 2 6 3 3 2 2 3 5 2 3 2 4 2 1 2 3 3 1 7 0 5 4 2 6 5 4 3 4 1 5 2 4 0 3 6 6 6 2 5 4 3 4 2 5 6 4 5 3 5 6 3 2 1 2 7 1 6 2 4 4 6 6 3 5 2 5 6 3 2 1 6 6 2 2 3 6
033.meme.jpg 5 3 5 5 5 5 4 7 4 4 4 3 5 6 6 4 4 5 5 3 5 4 6 5 4 4 4 4 7 4 3 2 7 4 6 4 3 5 4 5 2 6 3 2 1 3 7 2 1 2 5 5 6 4 1 3 5 5 7 2 0 4 3 1 1 5 3 2 3 3 4 3 1 5 5 0 5 5 3 2
034.meme.jpg 3 4 6 3 3 3 6 1 1 3 3 5 4 3 3 2 5 7 0 5 6 2 2 3 1 3 4 6 3 5 2 4 7 6 2 0 6 3 4 0 6 2 6 2 1 3 4 5 6 4 6 3 5 3 2 0 5 1 0 0 5 2 3 1 4 5 3 5 4 3 5 4 4 4 4 3 4 4 6 5
035.meme.jpg 4 1 3 6 4 3 3 6 6 3 4 4 5 6 4 4 4 5 5 2 5 0 5 4 2 4 3 4 7 4 3 4 4 6 3 5 2 6 7 3 5 0 1 5 1 5 3 3 4 2 3 3 6 2 6 2 2 4 3 4 5 2 2 6 6 6 3 4 4 3 5 3 7 4 4 4 2 6 5 5
036.meme.jpg 1 6 2 6 3 4 5 3 6 5 6 5 2 4 4 1 6 5 3 3 5 2 2 6 3 5 2 5 4 4 6 2 4 2 3 3 3 7 3 1 6 4 3 1 3 4 3 3 1 7 6 1 5 4 5 4 7 4 1 1 2 7 4 3 2 2 6 4 5 2 3 5 1 6 5 0 7 2 3 2
037.meme.jpg 6 4 2 2 4 5 3 4 5 5 5 4 5 3 3 6 4 2 0 4 2 0 0 1 0 4 1 4 6 3 4 1 5 4 1 1 0 1 1 0 6 1 3 1 4 4 2 4 7 5 5 3 5 2 3 3 1 3 0 1 6 1 3 2 3 5 4 6 5 3 4 4 6 5 5 3 2 1 5 2
038.meme.jpg 6 1 4 1 6 6 2 3 2 5 6 3 3 0 6 6 2 2 3 5 7 1 5 2 4 7 1 5 2 2 5 2 7 5 5 7 0 2 2 3 6 1 2 3 5 6 0 4 4 6 5 2 5 5 6 7 1 5 2 4 6 1 3 5 5 6 1 6 3 5 5 2 5 3 7 6 1 4 4 4
039.meme.jpg 3 2 4 2 2 1 3 3 7 3 3 4 6 7 1 2 3 6 4 1 4 1 3 6 3 3 4 6 6 5 6 3 4 4 0 2 2 5 2 2 1 2 1 4 2 1 4 7 2 4 2 2 2 3 0 4 1 2 7 2 5 1 2 3 2 4 1 4 5 4 3 1 4 2 4 5 2 2 4 2
040.meme.jpg 3 0 0 0 3 6 3 3 4 5 6 1 3 0 5 3 0 0 2 1 2 0 3 1 0 1 5 5 6 4 3 0 1 3 2 0 0 0 0 0 4 0 2 4 1 2 4 6 6 4 3 0 3 5 2 0 0 0 0 0 5 0 0 2 1 3 4 6 6 3 1 0 3 2 1 0 0 0 1 0
041.meme.jpg 3 3 3 4 2 4 3 4 7 4 4 1 4 6 3 2 0 1 0 0 3 5 5 3 3 3 4 6 7 2 5 1 4 6 4 0 0 0 0 0 2 3 4 3 4 3 5 3 7 5 3 3 4 5 5 2 4 3 5 4 3 1 7 2 4 3 1 4 4 3 3 1 3 5 5 5 2 4 4 5
042.meme.jpg 1 1 1 1 1 5 2 2 1 4 5 4 3 4 2 2 1 0 1 1 0 0 0 0 0 3 0 1 3 2 1 3 3 2 3 0 0 0 0 0 1 0 0 0 0 3 2 2 7 2 4 1 2 3 3 1 0 0 0 1 1 0 0 0 1 6 3 4 5 4 5 3 4 4 5 2 0 1 1 2
043.meme.jpg 7 0 2 2 1 6 2 4 5 4 6 1 2 5 5 7 0 5 4 2 7 0 0 0 0 6 1 4 6 4 6 2 3 5 2 7 0 0 0 0 6 1 3 3 3 4 2 4 6 3 5 1 4 4 4 7 1 3 5 3 5 1 1 5 2 5 2 2 3 2 6 2 1 1 4 7 1 4 2 4
044.meme.jpg 5 2 3 1 3 6 4 0 3 4 6 4 2 2 3 4 2 1 2 3 6 1 5 2 3 4 4 6 5 4 5 2 6 6 2 5 2 4 7 4 5 2 5 2 3 5 2 4 4 5 3 4 6 6 5 7 1 2 6 4 1 0 0 1 3 5 3 5 4 4 5 3 4 4 5 3 0 2 2 2
045.meme.jpg 1 0 0 0 0 6 2 3 5 3 5 4 3 6 3 1 0 0 4 2 3 0 0 0 0 4 3 5 6 5 4 5 3 5 3 2 3 1 1 1 2 0 0 0 0 5 5 2 5 2 6 2 5 2 3 2 0 2 0 2 5 3 1 6 2 6 4 1 4 3 6 5 3 2 4 0 3 3 3 3
046.meme.jpg 1 2 7 2 7 3 4 5 4 4 5 5 5 3 2 4 1 3 6 2 0 5 6 2 6 1 5 4 6 5 5 2 5 4 3 4 5 6 6 3 2 5 5 7 4 3 2 4 2 4 2 2 2 4 2 4 4 6 6 3 5 2 2 6 5 4 3 4 0 4 6 2 1 1 3 2 1 4 4 4
047.meme.jpg 4 4 7 5 2 4 5 5 5 4 3 4 3 4 6 3 1 5 7 1 5 1 6 1 3 5 2 6 4 2 2 3 6 7 5 5 3 7 3 1 1 0 5 2 3 4 2 5 6 2 3 4 6 7 5 5 2 7 5 2 4 1 3 3 5 5 2 6 5 6 5 4 4 5 3 5 1 6 4 4
048.meme.jpg 5 1 2 4 2 5 2 6 5 4 5 3 6 6 3 6 2 5 6 1 4 2 5 4 1 5 4 7 3 2 4 2 6 7 5 6 2 4 5 2 4 2 7 4 2 3 3 6 6 3 5 2 6 5 5 1 4 6 3 3 3 3 5 4 3 4 3 6 6 4 3 3 6 6 6 3 3 2 6 2
049.meme.jpg 6 3 4 4 3 6 3 2 1 4 6 2 3 3 3 6 2 2 3 3 3 2 3 4 3 2 1 4 4 2 3 2 3 6 3 2 2 2 6 2 2 1 3 2 2 3 2 2 3 2 5 2 1 2 4 5 1 4 3 5 1 6 2 2 3 4 5 2 3 5 5 4 2 3 5 4 6 3 4 3
050.meme.jpg 5 4 4 3 4 5 4 4 4 5 5 3 5 4 6 5 4 0 4 5 5 0 6 3 5 3 3 7 5 2 3 5 7 6 2 4 1 2 6 4 5 1 6 2 2 3 1 7 4 0 2 5 6 6 3 4 1 6 5 3 5 3 5 5 5 5 4 5 2 5 5 4 5 5 5 3 4 6 1 5
051.meme.jpg 5 4 4 3 4 5 4 4 4 5 5 3 5 4 6 5 4 0 4 5 5 0 6 3 5 3 3 7 5 2 3 5 7 6 2 4 1 2 6 4 5 1 6 2 2 3 1 7 4 0 2 5 6 6 3 4 1 6 5 3 5 3 5 5 5 5 4 5 2 5 5 4 5 5 5 3 4 6 1 5
052.meme.jpg 6 1 3 3 3 5 2 2 1 6 6 1 1 4 5 4 2 1 2 2 6 1 1 2 2 3 2 5 6 4 6 0 3 2 3 1 0 0 1 0 5 3 3 3 4 5 2 4 2 5 3 3 3 6 5 3 2 4 5 5 5 5 3 5 4 6 2 3 4 4 6 4 3 4 4 4 3 4 5 4
053.meme.jpg 5 2 2 5 4 6 4 4 2 4 6 4 3 4 4 6 4 3 5 4 1 0 0 0 1 1 4 7 5 2 1 5 6 2 4 6 1 5 4 1 0 0 0 0 0 2 0 3 6 1 4 2 6 7 4 5 1 4 3 3 0 0 0 0 0 1 1 2 6 1 2 6 6 4 3 2 2 5 2 1
054.meme.jpg 5 1 3 2 3 5 4 4 3 5 6 4 3 4 3 5 3 4 6 3 3 3 6 3 2 4 3 7 5 3 3 3 6 7 4 4 2 4 3 4 4 2 6 4 4 4 5 2 5 5 2 3 6 4 6 1 4 5 5 4 5 1 6 2 6 5 4 5 2 6 6 3 2 6 4 5 1 2 7 5
055.meme.jpg 1 1 1 1 2 5 2 6 3 2 3 5 5 5 4 2 1 2 5 2 0 0 0 0 0 5 1 5 4 3 4 3 3 6 3 1 2 1 1 0 0 0 0 0 1 5 2 4 6 1 6 1 7 1 3 1 0 2 1 0 6 2 3 4 6 6 5 1 3 5 5 3 3 4 6 4 4 1 6 3
056.meme.jpg 3 5 0 5 1 3 4 4 2 4 4 5 4 1 4 2 7 2 2 2 5 0 4 2 1 5 2 4 1 3 4 6 2 5 4 1 7 1 0 2 2 2 3 2 1 5 1 4 3 4 5 1 4 6 5 1 7 0 3 3 5 1 2 1 2 6 1 3 7 3 6 1 6 3 5 4 1 1 0 2
057.meme.jpg 3 6 4 4 4 4 4 4 5 5 4 4 3 5 4 4 2 2 2 2 3 4 5 2 5 5 1 7 4 5 4 4 6 7 2 2 0 1 1 1 4 3 7 6 3 5 1 6 6 5 5 1 2 6 4 2 0 2 0 1 6 3 2 5 4 4 1 5 6 7 6 2 4 6 4 5 4 1 4 2
058.meme.jpg 1 2 0 0 2 6 4 4 3 2 6 4 1 0 4 2 5 2 0 2 0 4 5 4 3 4 2 4 6 6 4 3 5 6 5 0 6 2 0 0 4 1 2 4 3 5 1 4 7 3 4 4 6 4 3 2 3 1 3 2 3 3 3 4 3 6 1 6 5 4 5 3 1 6 6 4 2 1 7 4
059.meme.jpg 2 2 6 3 2 5 3 7 5 4 5 3 3 6 4 1 3 3 1 2 1 1 3 5 2 4 3 1 6 5 3 4 6 4 5 1 1 1 3 1 3 0 2 2 1 1 6 4 7 3 3 1 5 7 3 1 1 4 3 2 2 3 3 0 2 5 2 1 5 6 5 3 2 5 3 1 3 1 1 2
060.meme.jpg 3 5 3 1 2 3 5 5 6 3 4 5 5 5 3 6 3 1 3 4 2 4 2 0 0 1 5 3 5 2 3 1 6 6 4 6 1 7 3 2 3 3 0 1 1 4 4 5 4 5 2 2 6 5 4 5 2 4 4 2 4 3 2 3 5 2 2 7 4 7 3 3 4 5 6 3 3 4 3 5
061.meme.jpg 3 1 0 0 1 6 1 1 0 5 5 1 0 2 3 0 2 1 4 1 5 0 2 3 2 3 6 5 5 3 4 2 6 5 4 4 3 5 4 2 5 1 6 4 5 3 1 6 4 6 1 3 7 6 1 3 3 4 3 4 5 4 4 0 3 5 3 3 4 5 6 2 3 5 3 6 3 3 5 4
062.meme.jpg 2 3 7 2 2 7 1 1 0 4 6 3 1 2 3 6 1 1 1 1 1 4 7 4 3 3 1 4 4 2 5 0 0 0 0 7 0 0 0 0 4 3 4 5 4 3 3 3 5 2 6 0 0 0 0 6 0 0 0 0 6 1 4 6 3 6 2 2 4 4 6 3 2 2 3 7 1 0 1 2
063.meme.jpg 5 3 2 3 3 6 3 5 3 4 6 2 2 5 4 4 3 4 3 3 3 6 5 5 2 4 3 5 6 4 4 4 6 6 3 4 5 6 2 3 3 5 4 3 2 1 3 5 5 4 2 0 3 2 2 6 2 3 5 2 5 2 4 1 4 3 2 2 2 3 4 2 1 0 3 6 1 5 2 3
064.meme.jpg 3 7 1 1 3 4 4 4 4 3 3 6 2 4 4 3 6 0 0 3 0 3 1 1 0 3 4 4 5 2 3 3 6 1 5 2 7 4 0 2 0 0 0 0 0 1 4 4 4 3 4 3 5 3 4 0 4 2 2 2 3 1 2 1 3 4 2 7 3 5 4 3 5 5 5 3 2 3 3 2
065.meme.jpg 4 1 5 1 6 4 2 6 2 4 2 2 1 3 4 2 1 0 0 0 4 0 2 2 1 4 2 7 5 2 2 1 1 4 1 2 0 0 3 0 2 4 2 5 5 2 3 3 5 5 2 2 1 2 2 2 0 0 0 0 4 3 5 2 6 5 4 5 5 4 3 5 2 5 4 5 2 0 4 4
066.meme.jpg 2 4 6 6 5 4 4 6 3 5 5 2 1 5 2 4 2 5 2 4 3 1 4 7 4 2 4 6 6 5 1 4 4 5 3 0 0 0 3 1 1 1 3 7 7 1 4 6 6 4 4 4 6 6 4 0 0 0 1 2 5 3 3 6 4 5 4 2 2 3 4 3 2 6 6 2 3 4 5 6
067.meme.jpg 2 4 1 3 1 6 4 4 4 4 5 2 1 3 1 1 4 4 2 1 1 6 6 3 2 2 5 6 7 3 1 6 2 4 1 4 4 3 6 1 4 3 3 2 2 2 5 3 6 5 4 6 5 4 2 6 3 2 4 2 4 3 1 4 4 3 3 7 6 4 4 4 5 2 4 4 3 1 3 4
068.meme.jpg 4 0 1 1 4 5 4 3 2 4 5 4 3 5 4 5 2 4 6 4 2 4 3 3 5 3 1 2 2 5 5 2 3 7 3 5 1 4 5 5 1 0 0 2 0 4 0 2 4 2 4 2 5 6 4 6 0 3 2 4 4 1 1 3 2 5 2 3 3 6 7 2 3 4 3 7 1 0 2 2
069.meme.jpg 3 0 1 2 2 5 5 3 4 3 5 5 2 4 4 5 2 3 6 2 3 2 6 1 2 5 2 7 3 4 5 2 7 5 3 4 2 5 4 3 5 1 6 0 2 3 2 2 6 5 4 2 7 4 5 2 4 5 4 2 3 4 3 2 3 5 2 4 6 6 5 3 5 5 5 3 2 2 4 3
070.meme.jpg 5 2 2 2 2 5 5 2 5 3 5 3 2 2 3 4 2 0 2 1 5 1 3 1 3 4 2 5 5 4 3 0 2 1 1 0 0 0 5 0 5 0 1 1 2 3 4 3 3 2 5 1 2 5 1 0 0 2 2 0 5 4 3 4 3 3 6 2 3 4 5 5 0 1 5 5 5 3 2 2
071.meme.jpg 4 4 0 2 4 4 3 5 4 6 5 2 5 7 4 6 1 2 4 3 0 5 2 3 0 6 2 5 6 3 6 1 5 6 4 6 0 7 1 1 4 3 7 1 2 5 2 4 6 5 2 2 7 5 4 3 2 6 3 4 6 2 2 4 5 5 3 4 6 4 5 2 6 5 6 4 2 5 5 5
072.meme.jpg 4 4 4 3 3 5 3 4 6 4 5 6 2 0 5 4 4 2 3 3 3 1 4 5 3 5 3 4 4 3 0 0 0 0 0 0 2 0 0 0 1 5 6 3 5 1 5 4 5 4 0 6 0 0 2 1 3 2 2 1 5 4 4 4 4 5 5 4 4 4 6 5 3 2 4 3 5 2 3 5
073.meme.jpg 0 4 2 2 1 1 5 2 2 1 5 5 3 6 1 4 5 3 4 2 2 4 1 4 1 3 4 7 4 1 4 2 5 7 3 3 2 2 2 2 1 0 0 0 0 4 1 4 3 2 3 3 6 6 3 1 1 3 4 2 0 2 0 0 2 3 4 6 4 5 5 4 4 2 4 3 2 3 1 4
074.meme.jpg 4 3 1 2 3 6 3 2 4 6 5 4 1 5 3 4 3 2 3 2 0 0 1 0 0 4 4 3 6 3 4 1 1 2 1 0 0 0 0 0 0 0 0 0 0 3 3 6 5 3 2 0 4 2 4 0 0 0 0 0 2 1 2 3 3 5 4 6 4 3 5 4 4 5 4 3 2 4 2 2
075.meme.jpg 1 1 2 1 1 5 3 4 6 4 6 1 4 4 4 1 2 1 1 3 0 0 1 2 3 5 1 3 7 6 4 2 6 3 7 0 0 3 1 4 2 0 0 2 4 3 3 7 6 5 3 2 6 4 6 3 0 3 2 4 1 0 3 3 4 3 4 4 5 7 4 5 5 4 4 1 1 3 3 5
076.meme.jpg 5 2 4 3 2 6 4 4 5 2 4 1 3 5 3 4 2 3 5 5 6 1 3 3 1 5 2 7 5 4 2 0 0 0 1 2 0 0 4 2 3 2 6 4 2 3 1 4 6 6 0 1 1 3 1 0 1 3 3 0 5 2 3 5 6 6 1 4 4 5 6 2 4 6 3 5 3 3 5 5
077.meme.jpg 5 2 4 1 2 6 2 5 5 2 6 3 6 5 2 6 2 3 5 0 6 1 4 3 2 2 3 5 7 3 3 3 6 4 2 4 1 3 1 2 5 0 1 4 1 1 0 1 3 2 4 1 5 2 3 5 0 5 0 4 4 3 5 3 4 6 3 2 2 5 6 2 0 2 4 4 3 2 2 1
078.meme.jpg 4 1 1 5 2 5 3 2 1 2 5 2 4 5 4 2 2 1 5 0 2 0 1 1 0 3 1 4 2 1 5 2 5 3 2 5 0 1 3 1 0 0 0 0 1 3 2 1 5 1 2 1 5 2 2 4 0 0 4 3 1 1 0 1 2 5 5 3 2 3 5 4 4 3 3 5 1 1 4 4
079.meme.jpg 4 2 7 5 3 4 4 6 5 3 3 4 6 3 4 5 4 6 5 2 3 3 7 6 2 4 3 6 6 3 3 3 7 6 5 4 4 7 6 2 4 2 6 7 3 5 4 4 6 4 1 2 4 7 6 4 4 6 2 4 5 2 5 7 3 6 2 4 3 4 6 2 2 3 3 6 2 5 4 3
080.meme.jpg 0 2 1 1 0 4 4 4 4 3 4 1 4 6 4 3 0 5 4 0 3 2 4 6 0 3 3 7 4 4 5 1 5 7 2 5 3 7 5 0 6 2 6 7 1 4 4 5 5 4 5 3 7 6 1 6 2 6 7 0 3 3 4 5 3 4 3 3 3 4 5 2 4 6 4 5 3 6 6 2
081.meme.jpg 4 6 2 5 3 6 2 3 4 2 5 3 5 3 4 5 3 4 3 6 3 2 6 4 6 3 3 3 5 7 5 2 5 5 6 4 3 5 6 6 1 1 2 3 3 5 3 4 4 4 6 1 5 4 4 2 1 4 3 3 5 4 4 3 4 6 1 5 3 5 6 3 2 4 4 4 3 2 2 3
082.meme.jpg 6 3 4 4 1 4 4 2 5 6 4 5 4 3 4 2 4 5 2 1 6 1 5 5 4 3 3 6 5 4 2 3 6 6 4 4 3 5 4 2 5 0 5 5 5 2 2 4 4 6 5 2 4 6 5 5 1 6 5 2 6 2 1 2 3 5 3 4 4 6 5 1 2 6 6 4 3 1 2 2
083.meme.jpg 0 0 0 0 1 3 5 5 5 4 5 3 2 4 3 0 0 0 0 0 0 0 0 0 0 5 3 3 4 3 2 3 6 6 3 0 0 0 0 0 1 2 5 1 4 2 5 2 7 5 3 2 6 4 4 1 1 1 2 1 5 1 3 4 6 4 3 3 7 5 4 5 5 3 5 5 2 5 5 4
084.meme.jpg 0 0 0 0 0 3 3 4 4 5 3 2 2 3 2 1 0 0 0 0 1 0 0 0 0 3 2 5 6 4 0 3 4 1 2 1 0 0 0 0 1 0 1 2 0 5 2 6 5 5 0 0 0 1 0 2 0 0 0 0 0 0 0 0 0 5 3 4 5 4 5 1 4 4 2 2 0 1 0 0
085.meme.jpg 5 5 2 5 4 6 5 4 1 3 5 4 2 4 5 6 3 5 3 4 3 5 6 6 2 4 3 6 6 5 5 4 3 4 5 3 3 6 4 4 3 5 6 5 3 3 3 6 4 4 4 4 4 4 4 3 4 5 6 5 2 6 1 1 2 6 4 5 3 3 6 4 2 3 3 2 5 0 3 2
086.meme.jpg 5 2 3 5 5 5 3 5 6 4 4 3 4 6 4 4 3 5 5 4 1 4 6 2 3 3 4 5 6 4 3 4 7 5 2 2 5 5 4 3 0 3 3 1 2 5 1 4 5 3 3 5 5 6 4 5 3 7 3 4 3 2 3 3 3 6 2 3 2 5 6 3 3 3 5 5 2 6 6 3
087.meme.jpg 4 4 3 2 3 4 3 5 3 5 3 3 2 4 4 3 3 0 2 3 2 7 4 3 1 5 6 3 1 2 3 5 6 3 3 3 6 5 6 2 4 2 5 5 7 3 5 3 2 3 2 2 5 2 4 4 2 5 4 3 5 4 4 4 5 4 5 5 3 4 4 5 2 2 4 5 4 3 2 5
088.meme.jpg 2 6 3 1 2 5 4 5 4 5 6 3 2 2 3 3 1 1 0 2 3 6 2 3 2 3 3 5 4 4 4 2 5 4 3 2 0 0 1 0 3 4 5 3 1 2 4 6 3 4 1 3 4 6 3 3 2 5 5 1 3 4 5 3 5 2 2 1 3 3 2 2 2 0 3 5 1 2 7 5
089.meme.jpg 3 6 3 4 5 4 4 6 3 5 6 2 3 4 4 4 5 2 4 5 2 6 2 1 3 2 4 6 6 4 5 6 2 3 1 3 7 2 2 1 2 4 2 3 2 3 2 2 5 4 2 3 2 3 3 4 3 2 3 3 2 3 3 2 4 4 4 2 6 4 4 3 5 4 6 4 4 7 2 3
090.meme.jpg 6 1 3 2 2 6 3 3 2 4 6 2 2 2 4 0 0 0 0 0 5 1 1 0 1 3 5 6 6 2 7 1 0 0 0 1 5 1 0 0 2 3 1 0 2 4 1 7 5 4 6 2 0 0 1 2 1 0 0 0 5 0 3 2 3 7 2 2 1 3 7 1 1 4 3 6 0 0 1 3
091.meme.jpg 3 1 6 2 5 5 2 6 6 3 3 4 1 3 3 0 0 0 0 0 4 0 7 6 2 3 2 4 7 5 3 1 0 3 3 2 1 0 1 1 2 2 4 5 2 2 4 2 7 3 3 2 3 7 4 3 2 3 6 4 5 3 2 2 3 3 3 2 6 3 4 2 1 6 6 4 3 1 5 5
092.meme.jpg 3 1 6 2 5 5 2 6 6 3 3 4 1 3 3 0 0 0 0 0 4 0 7 6 2 3 2 4 7 5 3 1 0 3 3 2 1 0 1 1 2 2 4 5 2 2 4 2 7 3 3 2 3 7 4 3 2 3 6 4 5 3 2 2 3 3 3 2 6 3 4 2 1 6 6 4 3 1 5 5
093.meme.jpg 6 3 3 4 1 5 2 7 2 4 5 1 3 7 5 1 0 1 1 0 5 0 4 2 2 5 1 7 2 3 4 3 3 7 5 1 5 3 5 1 3 1 2 2 2 3 4 6 6 3 4 4 6 5 5 1 5 1 5 1 5 1 2 0 1 5 3 4 5 3 3 5 6 5 5 2 5 3 6 3
094.meme.jpg 6 5 4 5 2 6 3 2 2 5 5 4 6 3 3 3 3 3 5 4 5 0 2 5 3 1 4 3 5 4 3 6 7 3 3 3 3 7 6 5 6 3 4 4 2 1 5 5 4 5 2 3 5 6 5 2 3 5 6 5 6 1 2 1 5 5 4 3 4 4 5 3 1 4 3 1 3 4 5 3
095.meme.jpg 5 3 6 6 3 4 4 6 6 4 5 3 6 6 4 5 2 5 6 2 4 6 3 6 1 1 6 4 5 3 0 7 4 4 1 0 7 3 2 0 5 3 7 5 2 2 4 4 5 4 2 5 7 5 2 1 5 6 7 2 3 5 4 4 1 5 3 1 5 5 4 5 3 4 5 3 5 6 6 0
096.meme.jpg 3 3 7 6 2 4 2 5 6 6 6 2 5 6 4 4 1 5 5 3 3 4 6 6 1 4 4 6 7 3 5 2 7 6 3 5 1 5 5 0 2 1 7 7 3 6 2 4 4 3 2 3 7 3 3 3 2 4 7 3 6 2 6 4 2 7 1 2 4 6 6 1 3 2 5 3 1 1 3 4
097.meme.jpg 2 4 6 2 4 4 2 2 5 3 5 2 4 4 2 4 1 1 5 5 1 5 6 4 2 1 2 3 4 3 4 2 4 2 3 4 3 5 6 6 4 4 5 6 4 2 3 4 4 5 3 1 3 3 2 4 4 6 5 4 6 2 2 4 5 5 3 1 3 6 6 3 3 1 5 6 2 5 6 4
098.meme.jpg 5 4 3 2 1 6 4 2 0 5 6 5 3 2 4 4 3 5 2 4 6 1 2 2 0 5 1 1 0 2 3 3 1 6 6 4 3 5 5 2 4 3 3 2 1 4 1 5 1 5 5 1 0 4 4 4 4 0 0 3 2 2 3 2 2 5 1 6 4 3 6 1 1 6 4 2 0 1 3 2
099.meme.jpg 4 3 1 1 3 4 3 4 4 4 5 1 4 1 5 3 4 0 1 2 2 4 1 0 0 2 4 4 4 2 3 3 3 0 3 0 7 0 0 0 2 3 2 0 1 5 1 5 2 3 3 0 4 4 4 0 5 3 0 2 6 3 2 3 3 7 1 3 2 5 6 2 6 4 4 6 2 3 3 2
100.meme.jpg 1 0 1 1 0 6 1 3 5 6 5 2 4 4 4 4 1 6 2 1 1 0 3 3 1 6 1 5 6 2 5 2 6 5 4 4 1 2 4 2 3 0 0 6 0 4 3 6 7 2 3 4 5 3 5 3 1 3 5 7 3 1 5 5 3 5 3 7 4 4 5 2 3 6 6 5 1 4 6 6
